3009
3351	3550	1	35	83
3552	3751	1	35	84
3753	3952	1	35	85
3856	4055	1	84	236
3954	4153	1	35	86
4057	4256	1	84	237
4155	4354	1	35	87
4258	4457	1	84	238
4459	4658	1	84	239
4660	4859	1	84	240
12092	12291	1	2	4
12293	12492	1	2	5
12494	12693	1	2	6
12695	12894	1	2	7
17613	17812	1	47	123
17673	17872	1	34	81
17814	18013	1	47	124
17874	18073	1	34	82
18015	18214	1	47	125
20026	20225	1	76	212
20227	20426	1	76	213
22723	22922	1	95	269
24542	24741	1	11	30
24743	24942	1	11	31
24944	25143	1	11	32
30563	30762	1	9	24
30764	30963	1	9	25
30965	31164	1	9	26
42231	42430	1	13	34
43033	43232	1	4	9
43197	43396	1	19	46
43234	43433	1	4	10
43435	43634	1	4	11
43636	43835	1	4	12
45415	45614	1	93	263
47064	47263	1	25	54
56811	57010	1	54	139
57012	57211	1	54	140
57213	57412	1	54	141
62534	62733	1	8	19
62735	62934	1	8	20
62936	63135	1	8	21
63137	63336	1	8	22
63338	63537	1	8	23
64412	64611	1	32	72
64613	64812	1	32	73
64814	65013	1	32	74
65015	65214	1	32	75
69182	69381	1	59	156
69826	70025	1	53	136
70027	70226	1	53	137
70228	70427	1	53	138
70268	70467	1	89	257
70469	70668	1	89	258
70670	70869	1	89	259
72902	73101	1	67	175
73103	73302	1	67	176
73304	73503	1	67	177
73505	73704	1	67	178
77591	77790	1	40	97
77792	77991	1	40	98
77993	78192	1	40	99
78194	78393	1	40	100
78395	78594	1	40	101
78818	79017	1	38	93
79019	79218	1	38	94
79485	79684	1	43	107
79686	79885	1	43	108
79887	80086	1	43	109
80088	80287	1	43	110
80289	80488	1	43	111
83838	84037	1	98	272
84039	84238	1	98	273
84240	84439	1	98	274
84441	84640	1	98	275
86907	87106	1	28	60
87108	87307	1	28	61
104938	105137	1	27	59
107463	107662	1	99	276
107664	107863	1	99	277
107865	108064	1	99	278
108066	108265	1	99	279
116490	116689	1	15	36
116643	116842	1	46	119
116844	117043	1	46	120
117045	117244	1	46	121
117246	117445	1	46	122
121743	121942	1	3	8
123482	123681	1	55	142
123683	123882	1	55	143
123884	124083	1	55	144
133286	133485	1	5	13
133487	133686	1	5	14
145116	145315	1	7	16
145317	145516	1	7	17
145518	145717	1	7	18
146670	146869	1	39	95
146871	147070	1	39	96
152370	152569	1	31	68
152571	152770	1	31	69
152772	152971	1	31	70
152973	153172	1	31	71
158143	158342	1	18	45
158632	158831	1	33	76
158833	159032	1	33	77
159034	159233	1	33	78
159235	159434	1	33	79
159436	159635	1	33	80
159620	159819	1	48	126
159821	160020	1	48	127
160022	160221	1	48	128
162782	162981	1	65	173
171887	172086	1	30	64
172088	172287	1	30	65
172289	172488	1	30	66
172490	172689	1	30	67
172656	172855	1	62	165
174635	174834	1	22	50
174836	175035	1	22	51
175869	176068	1	63	166
176070	176269	1	63	167
176271	176470	1	63	168
176472	176671	1	63	169
182030	182229	1	36	88
182231	182430	1	36	89
186167	186366	1	87	251
201839	202038	1	91	261
203461	203660	1	20	47
203662	203861	1	20	48
206846	207045	1	0	0
207047	207246	1	0	1
207248	207447	1	0	2
208064	208263	1	77	214
208265	208464	1	77	215
208466	208665	1	77	216
208667	208866	1	77	217
208868	209067	1	77	218
210151	210350	1	80	223
210352	210551	1	80	224
210553	210752	1	80	225
210754	210953	1	80	226
210943	211142	1	75	209
211144	211343	1	75	210
211345	211544	1	75	211
222559	222758	1	45	114
222760	222959	1	45	115
222961	223160	1	45	116
223162	223361	1	45	117
223363	223562	1	45	118
236476	236675	1	64	170
236677	236876	1	64	171
236878	237077	1	64	172
239057	239256	1	96	270
255485	255684	1	74	205
255686	255885	1	74	206
255887	256086	1	74	207
256088	256287	1	74	208
280333	280532	1	24	53
282257	282456	1	56	145
288859	289058	1	69	183
289060	289259	1	69	184
289261	289460	1	69	185
289462	289661	1	69	186
289663	289862	1	69	187
290444	290643	1	44	112
290645	290844	1	44	113
291772	291971	1	10	27
291973	292172	1	10	28
292174	292373	1	10	29
296374	296573	1	52	134
296575	296774	1	52	135
304732	304931	1	72	197
304933	305132	1	72	198
305134	305333	1	72	199
306295	306494	1	50	131
306496	306695	1	50	132
308940	309139	1	88	252
309141	309340	1	88	253
309342	309541	1	88	254
309543	309742	1	88	255
309744	309943	1	88	256
309898	310097	1	70	188
310099	310298	1	70	189
310300	310499	1	70	190
310501	310700	1	70	191
310702	310901	1	70	192
318584	318783	1	6	15
319589	319788	1	58	151
319790	319989	1	58	152
319948	320147	1	51	133
319991	320190	1	58	153
320192	320391	1	58	154
320393	320592	1	58	155
325800	325999	1	68	179
326001	326200	1	68	180
326202	326401	1	68	181
326403	326602	1	68	182
327004	327203	1	12	33
328512	328711	1	97	271
336475	336674	1	66	174
338156	338355	1	17	42
338357	338556	1	17	43
338558	338757	1	17	44
342844	343043	1	41	102
343045	343244	1	41	103
354443	354642	1	71	193
354644	354843	1	71	194
354845	355044	1	71	195
355046	355245	1	71	196
365183	365382	1	79	220
365384	365583	1	79	221
365585	365784	1	79	222
373986	374185	1	61	162
374187	374386	1	61	163
374388	374587	1	61	164
377619	377818	1	73	200
377820	378019	1	73	201
378021	378220	1	73	202
378222	378421	1	73	203
378423	378622	1	73	204
379559	379758	1	83	232
379760	379959	1	83	233
379961	380160	1	83	234
380162	380361	1	83	235
382641	382840	1	81	227
382842	383041	1	81	228
383043	383242	1	81	229
394808	395007	1	23	52
397852	398051	1	57	146
398053	398252	1	57	147
398071	398270	1	21	49
398254	398453	1	57	148
398455	398654	1	57	149
398656	398855	1	57	150
403535	403734	1	86	246
403736	403935	1	86	247
403937	404136	1	86	248
404138	404337	1	86	249
404339	404538	1	86	250
405239	405438	1	37	90
405440	405639	1	37	91
405641	405840	1	37	92
410127	410326	1	90	260
411219	411418	1	92	262
426443	426642	1	26	55
426644	426843	1	26	56
426845	427044	1	26	57
427046	427245	1	26	58
431719	431918	1	85	241
431920	432119	1	85	242
432121	432320	1	85	243
432322	432521	1	85	244
432523	432722	1	85	245
434767	434966	1	1	3
435081	435280	1	82	230
435282	435481	1	82	231
440130	440329	1	94	264
440331	440530	1	94	265
440532	440731	1	94	266
440733	440932	1	94	267
440934	441133	1	94	268
448434	448633	1	14	35
451257	451456	1	49	129
451458	451657	1	49	130
458343	458542	1	16	37
458544	458743	1	16	38
458745	458944	1	16	39
458946	459145	1	16	40
459147	459346	1	16	41
465379	465578	1	42	104
465580	465779	1	42	105
465738	465937	1	78	219
465781	465980	1	42	106
469374	469573	1	29	62
469575	469774	1	29	63
477131	477330	1	60	157
477332	477531	1	60	158
477533	477732	1	60	159
477734	477933	1	60	160
477935	478134	1	60	161
534062	534261	1	49	409
534263	534462	1	49	410
534464	534663	1	49	411
534665	534864	1	49	412
538408	538607	1	45	399
538609	538808	1	45	400
538810	539009	1	45	401
538865	539064	1	69	478
539066	539265	1	69	479
539267	539466	1	69	480
559323	559522	1	11	306
559524	559723	1	11	307
559616	559815	1	14	314
559817	560016	1	14	315
560018	560217	1	14	316
560219	560418	1	14	317
560420	560619	1	14	318
561392	561591	1	8	299
561593	561792	1	8	300
561794	561993	1	8	301
567195	567394	1	43	397
568587	568786	1	55	430
568722	568921	1	35	372
568788	568987	1	55	431
568923	569122	1	35	373
568989	569188	1	55	432
569112	569311	1	63	458
569124	569323	1	35	374
569190	569389	1	55	433
569313	569512	1	63	459
569325	569524	1	35	375
569391	569590	1	55	434
569514	569713	1	63	460
569526	569725	1	35	376
577067	577266	1	77	508
577268	577467	1	77	509
580250	580449	1	91	554
580451	580650	1	91	555
582332	582531	1	95	568
583324	583523	1	30	355
583525	583724	1	30	356
583726	583925	1	30	357
583927	584126	1	30	358
584128	584327	1	30	359
584465	584664	1	61	451
584666	584865	1	61	452
588855	589054	1	59	443
589056	589255	1	59	444
589257	589456	1	59	445
589458	589657	1	59	446
599168	599367	1	51	415
599369	599568	1	51	416
599570	599769	1	51	417
599771	599970	1	51	418
604636	604835	1	20	334
604837	605036	1	20	335
609318	609517	1	52	419
609772	609971	1	96	569
609973	610172	1	96	570
610174	610373	1	96	571
624135	624334	1	42	396
626082	626281	1	13	312
626283	626482	1	13	313
630705	630904	1	29	352
630906	631105	1	29	353
631107	631306	1	29	354
640773	640972	1	56	435
651807	652006	1	27	348
653161	653360	1	75	500
653362	653561	1	75	501
653563	653762	1	75	502
653764	653963	1	75	503
653965	654164	1	75	504
655692	655891	1	31	360
655893	656092	1	31	361
656094	656293	1	31	362
657952	658151	1	15	319
658153	658352	1	15	320
658354	658553	1	15	321
658555	658754	1	15	322
658756	658955	1	15	323
665173	665372	1	67	472
665374	665573	1	67	473
665575	665774	1	67	474
672469	672668	1	26	347
674307	674506	1	62	453
674508	674707	1	62	454
674709	674908	1	62	455
674910	675109	1	62	456
675111	675310	1	62	457
676031	676230	1	28	349
676232	676431	1	28	350
676433	676632	1	28	351
687969	688168	1	37	379
688170	688369	1	37	380
688371	688570	1	37	381
688572	688771	1	37	382
688773	688972	1	37	383
697523	697722	1	12	308
697724	697923	1	12	309
697925	698124	1	12	310
698126	698325	1	12	311
710599	710798	1	46	402
710800	710999	1	46	403
711001	711200	1	46	404
711202	711401	1	46	405
712137	712336	1	19	332
712338	712537	1	19	333
715239	715438	1	53	420
715440	715639	1	53	421
715641	715840	1	53	422
715842	716041	1	53	423
716043	716242	1	53	424
717027	717226	1	22	339
717228	717427	1	22	340
722750	722949	1	25	343
722951	723150	1	25	344
723152	723351	1	25	345
723353	723552	1	25	346
731009	731208	1	70	481
731210	731409	1	70	482
731411	731610	1	70	483
731612	731811	1	70	484
731813	732012	1	70	485
734381	734580	1	86	536
736555	736754	1	71	486
736756	736955	1	71	487
736957	737156	1	71	488
737158	737357	1	71	489
737546	737745	1	80	518
737747	737946	1	80	519
737948	738147	1	80	520
738149	738348	1	80	521
743394	743593	1	0	280
749547	749746	1	6	293
753856	754055	1	41	391
754057	754256	1	41	392
754258	754457	1	41	393
754459	754658	1	41	394
754660	754859	1	41	395
755442	755641	1	16	324
755643	755842	1	16	325
755844	756043	1	16	326
756045	756244	1	16	327
758373	758572	1	48	407
758574	758773	1	48	408
761543	761742	1	65	464
761576	761775	1	44	398
761744	761943	1	65	465
761945	762144	1	65	466
769545	769744	1	93	561
769746	769945	1	93	562
769889	770088	1	24	342
769947	770146	1	93	563
771560	771759	1	10	304
771761	771960	1	10	305
777798	777997	1	9	302
777999	778198	1	9	303
778295	778494	1	85	531
778496	778695	1	85	532
778697	778896	1	85	533
778898	779097	1	85	534
779099	779298	1	85	535
786820	787019	1	68	475
787021	787220	1	68	476
787222	787421	1	68	477
789197	789396	1	23	341
790790	790989	1	64	461
790991	791190	1	64	462
791192	791391	1	64	463
794934	795133	1	32	363
801190	801389	1	98	574
801391	801590	1	98	575
801592	801791	1	98	576
803332	803531	1	7	294
803533	803732	1	7	295
803734	803933	1	7	296
803935	804134	1	7	297
804136	804335	1	7	298
806890	807089	1	94	564
807091	807290	1	94	565
807292	807491	1	94	566
807493	807692	1	94	567
813268	813467	1	83	529
821299	821498	1	72	490
821500	821699	1	72	491
821701	821900	1	72	492
821902	822101	1	72	493
822103	822302	1	72	494
824219	824418	1	33	364
824420	824619	1	33	365
824621	824820	1	33	366
827194	827393	1	99	577
834710	834909	1	74	499
837347	837546	1	1	281
840785	840984	1	89	546
840986	841185	1	89	547
841187	841386	1	89	548
841388	841587	1	89	549
841589	841788	1	89	550
850053	850252	1	2	282
850237	850436	1	66	467
850438	850637	1	66	468
850639	850838	1	66	469
850840	851039	1	66	470
851041	851240	1	66	471
853202	853401	1	84	530
864079	864278	1	87	537
864280	864479	1	87	538
864481	864680	1	87	539
864682	864881	1	87	540
868155	868354	1	73	495
868356	868555	1	73	496
868557	868756	1	73	497
868758	868957	1	73	498
885014	885213	1	47	406
888966	889165	1	82	527
889167	889366	1	82	528
897940	898139	1	57	436
898141	898340	1	57	437
898342	898541	1	57	438
905209	905408	1	78	510
905410	905609	1	78	511
905611	905810	1	78	512
905812	906011	1	78	513
906360	906559	1	81	522
906561	906760	1	81	523
906762	906961	1	81	524
906963	907162	1	81	525
907164	907363	1	81	526
913398	913597	1	40	390
924022	924221	1	79	514
924223	924422	1	79	515
924424	924623	1	79	516
924625	924824	1	79	517
924731	924930	1	60	447
924932	925131	1	60	448
925133	925332	1	60	449
925334	925533	1	60	450
935863	936062	1	88	541
936064	936263	1	88	542
936265	936464	1	88	543
936466	936665	1	88	544
936667	936866	1	88	545
942049	942248	1	54	425
942250	942449	1	54	426
942451	942650	1	54	427
942652	942851	1	54	428
942834	943033	1	3	283
942853	943052	1	54	429
944356	944555	1	50	413
944557	944756	1	50	414
953643	953842	1	21	336
953844	954043	1	21	337
954045	954244	1	21	338
955796	955995	1	4	284
955997	956196	1	4	285
956198	956397	1	4	286
956399	956598	1	4	287
956600	956799	1	4	288
957920	958119	1	97	572
958121	958320	1	97	573
960455	960654	1	34	367
960656	960855	1	34	368
960857	961056	1	34	369
961058	961257	1	34	370
961259	961458	1	34	371
970098	970297	1	39	387
970299	970498	1	39	388
970500	970699	1	39	389
973763	973962	1	58	439
973964	974163	1	58	440
974165	974364	1	58	441
974366	974565	1	58	442
980276	980475	1	36	377
980477	980676	1	36	378
987579	987778	1	92	556
987780	987979	1	92	557
987981	988180	1	92	558
988182	988381	1	92	559
988383	988582	1	92	560
990325	990524	1	38	384
990526	990725	1	38	385
990727	990926	1	38	386
990930	991129	1	5	289
991131	991330	1	5	290
991332	991531	1	5	291
991533	991732	1	5	292
995341	995540	1	90	551
995542	995741	1	90	552
995743	995942	1	90	553
996317	996516	1	17	328
996518	996717	1	17	329
1013272	1013471	1	18	330
1013473	1013672	1	18	331
1017630	1017829	1	76	505
1017831	1018030	1	76	506
1018032	1018231	1	76	507
1050139	1050338	1	81	835
1050340	1050539	1	81	836
1050541	1050740	1	81	837
1050742	1050941	1	81	838
1050943	1051142	1	81	839
1052372	1052571	1	88	859
1052573	1052772	1	88	860
1052774	1052973	1	88	861
1062931	1063130	1	57	760
1063132	1063331	1	57	761
1063333	1063532	1	57	762
1063534	1063733	1	57	763
1063735	1063934	1	57	764
1070925	1071124	1	12	610
1071126	1071325	1	12	611
1071327	1071526	1	12	612
1071825	1072024	1	73	812
1072026	1072225	1	73	813
1072227	1072426	1	73	814
1072428	1072627	1	73	815
1091854	1092053	1	43	717
1092055	1092254	1	43	718
1092256	1092455	1	43	719
1094294	1094493	1	33	686
1094748	1094947	1	47	727
1094949	1095148	1	47	728
1095150	1095349	1	47	729
1095351	1095550	1	47	730
1095552	1095751	1	47	731
1115654	1115853	1	83	844
1115855	1116054	1	83	845
1116056	1116255	1	83	846
1116257	1116456	1	83	847
1116458	1116657	1	83	848
1147009	1147208	1	99	899
1147210	1147409	1	99	900
1155444	1155643	1	87	858
1159231	1159430	1	52	746
1159608	1159807	1	74	816
1159809	1160008	1	74	817
1160010	1160209	1	74	818
1160057	1160256	1	27	661
1160211	1160410	1	74	819
1160258	1160457	1	27	662
1160412	1160611	1	74	820
1160459	1160658	1	27	663
1160660	1160859	1	27	664
1160861	1161060	1	27	665
1163284	1163483	1	17	625
1163349	1163548	1	6	600
1163485	1163684	1	17	626
1166199	1166398	1	36	693
1166400	1166599	1	36	694
1166601	1166800	1	36	695
1168973	1169172	1	2	587
1169174	1169373	1	2	588
1169375	1169574	1	2	589
1169576	1169775	1	2	590
1169777	1169976	1	2	591
1170912	1171111	1	60	772
1171113	1171312	1	60	773
1171314	1171513	1	60	774
1171515	1171714	1	60	775
1171716	1171915	1	60	776
1179503	1179702	1	35	690
1179704	1179903	1	35	691
1179905	1180104	1	35	692
1204850	1205049	1	54	748
1205051	1205250	1	54	749
1205252	1205451	1	54	750
1205784	1205983	1	18	627
1205985	1206184	1	18	628
1206186	1206385	1	18	629
1206387	1206586	1	18	630
1206588	1206787	1	18	631
1207009	1207208	1	8	604
1207210	1207409	1	8	605
1216540	1216739	1	82	840
1216741	1216940	1	82	841
1216942	1217141	1	82	842
1217143	1217342	1	82	843
1217877	1218076	1	75	821
1218078	1218277	1	75	822
1218279	1218478	1	75	823
1218480	1218679	1	75	824
1218681	1218880	1	75	825
1219392	1219591	1	45	721
1219593	1219792	1	45	722
1221455	1221654	1	10	608
1222693	1222892	1	24	652
1224471	1224670	1	29	671
1224672	1224871	1	29	672
1224873	1225072	1	29	673
1225074	1225273	1	29	674
1234217	1234416	1	64	785
1234418	1234617	1	64	786
1241510	1241709	1	31	678
1241711	1241910	1	31	679
1241912	1242111	1	31	680
1242113	1242312	1	31	681
1244349	1244548	1	50	741
1244550	1244749	1	50	742
1244751	1244950	1	50	743
1244952	1245151	1	50	744
1249213	1249412	1	62	779
1249414	1249613	1	62	780
1249615	1249814	1	62	781
1256863	1257062	1	84	849
1257064	1257263	1	84	850
1257265	1257464	1	84	851
1257466	1257665	1	84	852
1258343	1258542	1	32	682
1258544	1258743	1	32	683
1258745	1258944	1	32	684
1258946	1259145	1	32	685
1260928	1261127	1	13	613
1261129	1261328	1	13	614
1261330	1261529	1	13	615
1261531	1261730	1	13	616
1261732	1261931	1	13	617
1271067	1271266	1	22	644
1271268	1271467	1	22	645
1271469	1271668	1	22	646
1294382	1294581	1	37	696
1294583	1294782	1	37	697
1294784	1294983	1	37	698
1294985	1295184	1	37	699
1298057	1298256	1	15	619
1307132	1307331	1	51	745
1310770	1310969	1	39	703
1310971	1311170	1	39	704
1311172	1311371	1	39	705
1311373	1311572	1	39	706
1311574	1311773	1	39	707
1311767	1311966	1	69	802
1311968	1312167	1	69	803
1312169	1312368	1	69	804
1321108	1321307	1	92	873
1321309	1321508	1	92	874
1321510	1321709	1	92	875
1325291	1325490	1	61	777
1325492	1325691	1	61	778
1328510	1328709	1	86	855
1328711	1328910	1	86	856
1328912	1329111	1	86	857
1330173	1330372	1	5	596
1330374	1330573	1	5	597
1330575	1330774	1	5	598
1330776	1330975	1	5	599
1334485	1334684	1	67	795
1334686	1334885	1	67	796
1338397	1338596	1	38	700
1338598	1338797	1	38	701
1338799	1338998	1	38	702
1341492	1341691	1	71	807
1341693	1341892	1	71	808
1341894	1342093	1	71	809
1342095	1342294	1	71	810
1346157	1346356	1	96	889
1346358	1346557	1	96	890
1346559	1346758	1	96	891
1346760	1346959	1	96	892
1349159	1349358	1	80	834
1349268	1349467	1	7	601
1349469	1349668	1	7	602
1349670	1349869	1	7	603
1350383	1350582	1	66	792
1350584	1350783	1	66	793
1350785	1350984	1	66	794
1360499	1360698	1	25	653
1360700	1360899	1	25	654
1360754	1360953	1	76	826
1360901	1361100	1	25	655
1362182	1362381	1	55	751
1362383	1362582	1	55	752
1362416	1362615	1	4	595
1362584	1362783	1	55	753
1362783	1362982	1	40	708
1362785	1362984	1	55	754
1362984	1363183	1	40	709
1362986	1363185	1	55	755
1363185	1363384	1	40	710
1363386	1363585	1	40	711
1363587	1363786	1	40	712
1363862	1364061	1	72	811
1364429	1364628	1	19	632
1364630	1364829	1	19	633
1364831	1365030	1	19	634
1365032	1365231	1	19	635
1365233	1365432	1	19	636
1365274	1365473	1	68	797
1365475	1365674	1	68	798
1365676	1365875	1	68	799
1365877	1366076	1	68	800
1366078	1366277	1	68	801
1372378	1372577	1	42	716
1372957	1373156	1	48	732
1373158	1373357	1	48	733
1373359	1373558	1	48	734
1373560	1373759	1	48	735
1379284	1379483	1	21	639
1379485	1379684	1	21	640
1379686	1379885	1	21	641
1379887	1380086	1	21	642
1380088	1380287	1	21	643
1382406	1382605	1	94	880
1382607	1382806	1	94	881
1382737	1382936	1	44	720
1382808	1383007	1	94	882
1383009	1383208	1	94	883
1383557	1383756	1	11	609
1391415	1391614	1	56	756
1391616	1391815	1	56	757
1391817	1392016	1	56	758
1392018	1392217	1	56	759
1403547	1403746	1	41	713
1403748	1403947	1	41	714
1403949	1404148	1	41	715
1404931	1405130	1	20	637
1405132	1405331	1	20	638
1411050	1411249	1	46	723
1411251	1411450	1	46	724
1411452	1411651	1	46	725
1411653	1411852	1	46	726
1411689	1411888	1	63	782
1411890	1412089	1	63	783
1412091	1412290	1	63	784
1412097	1412296	1	30	675
1412298	1412497	1	30	676
1412499	1412698	1	30	677
1412609	1412808	1	89	862
1412810	1413009	1	89	863
1413011	1413210	1	89	864
1413212	1413411	1	89	865
1418852	1419051	1	77	827
1419053	1419252	1	77	828
1426876	1427075	1	14	618
1439493	1439692	1	91	868
1439694	1439893	1	91	869
1439895	1440094	1	91	870
1440096	1440295	1	91	871
1440297	1440496	1	91	872
1443626	1443825	1	3	592
1443827	1444026	1	3	593
1444028	1444227	1	3	594
1449266	1449465	1	0	578
1449467	1449666	1	0	579
1449668	1449867	1	0	580
1449869	1450068	1	0	581
1453558	1453757	1	78	829
1453759	1453958	1	78	830
1453960	1454159	1	78	831
1455129	1455328	1	58	765
1455330	1455529	1	58	766
1455531	1455730	1	58	767
1455732	1455931	1	58	768
1455933	1456132	1	58	769
1463915	1464114	1	65	787
1464116	1464315	1	65	788
1464317	1464516	1	65	789
1464518	1464717	1	65	790
1464719	1464918	1	65	791
1470946	1471145	1	79	832
1471147	1471346	1	79	833
1478408	1478607	1	85	853
1478609	1478808	1	85	854
1481920	1482119	1	53	747
1484562	1484761	1	97	893
1484763	1484962	1	97	894
1484964	1485163	1	97	895
1485165	1485364	1	97	896
1503968	1504167	1	26	656
1504169	1504368	1	26	657
1504370	1504569	1	26	658
1504571	1504770	1	26	659
1504772	1504971	1	26	660
1509367	1509566	1	1	582
1509568	1509767	1	1	583
1509769	1509968	1	1	584
1509970	1510169	1	1	585
1510127	1510326	1	9	606
1510171	1510370	1	1	586
1510328	1510527	1	9	607
1510742	1510941	1	23	647
1510943	1511142	1	23	648
1511144	1511343	1	23	649
1511345	1511544	1	23	650
1511546	1511745	1	23	651
1512685	1512884	1	93	876
1512886	1513085	1	93	877
1513087	1513286	1	93	878
1513288	1513487	1	93	879
1519858	1520057	1	16	620
1520059	1520258	1	16	621
1520260	1520459	1	16	622
1520461	1520660	1	16	623
1520662	1520861	1	16	624
1521784	1521983	1	34	687
1521985	1522184	1	34	688
1522186	1522385	1	34	689
1522884	1523083	1	59	770
1523085	1523284	1	59	771
1523634	1523833	1	28	666
1523835	1524034	1	28	667
1524036	1524235	1	28	668
1524237	1524436	1	28	669
1524438	1524637	1	28	670
1529043	1529242	1	95	884
1529244	1529443	1	95	885
1529445	1529644	1	95	886
1529646	1529845	1	95	887
1529847	1530046	1	95	888
1533331	1533530	1	98	897
1533532	1533731	1	98	898
1538286	1538485	1	70	805
1538487	1538686	1	70	806
1539300	1539499	1	90	866
1539501	1539700	1	90	867
1540616	1540815	1	49	736
1540817	1541016	1	49	737
1541018	1541217	1	49	738
1541219	1541418	1	49	739
1541420	1541619	1	49	740
1574578	1574777	1	79	1138
1574779	1574978	1	79	1139
1575182	1575381	1	91	1174
1575383	1575582	1	91	1175
1575584	1575783	1	91	1176
1586313	1586512	1	6	919
1590403	1590602	1	48	1041
1590604	1590803	1	48	1042
1591113	1591312	1	39	1015
1592353	1592552	1	8	924
1592554	1592753	1	8	925
1594488	1594687	1	96	1194
1594614	1594813	1	28	981
1594689	1594888	1	96	1195
1594815	1595014	1	28	982
1594890	1595089	1	96	1196
1595016	1595215	1	28	983
1595217	1595416	1	28	984
1596789	1596988	1	24	966
1596990	1597189	1	24	967
1597191	1597390	1	24	968
1597392	1597591	1	24	969
1597593	1597792	1	24	970
1601178	1601377	1	92	1177
1601379	1601578	1	92	1178
1601580	1601779	1	92	1179
1601781	1601980	1	92	1180
1608087	1608286	1	78	1136
1608288	1608487	1	78	1137
1613644	1613843	1	49	1043
1613845	1614044	1	49	1044
1617737	1617936	1	75	1130
1617938	1618137	1	75	1131
1621147	1621346	1	22	961
1621348	1621547	1	22	962
1621549	1621748	1	22	963
1621750	1621949	1	22	964
1630440	1630639	1	94	1184
1630641	1630840	1	94	1185
1630842	1631041	1	94	1186
1631043	1631242	1	94	1187
1631244	1631443	1	94	1188
1632854	1633053	1	51	1047
1636441	1636640	1	72	1119
1636642	1636841	1	72	1120
1636843	1637042	1	72	1121
1637044	1637243	1	72	1122
1637146	1637345	1	2	910
1637245	1637444	1	72	1123
1642705	1642904	1	83	1150
1642906	1643105	1	83	1151
1643107	1643306	1	83	1152
1643308	1643507	1	83	1153
1643311	1643510	1	90	1173
1650595	1650794	1	18	949
1650961	1651160	1	36	1008
1660217	1660416	1	95	1189
1660418	1660617	1	95	1190
1660619	1660818	1	95	1191
1660820	1661019	1	95	1192
1661021	1661220	1	95	1193
1681779	1681978	1	32	997
1681980	1682179	1	32	998
1682181	1682380	1	32	999
1685495	1685694	1	37	1009
1685696	1685895	1	37	1010
1685897	1686096	1	37	1011
1692683	1692882	1	73	1124
1692884	1693083	1	73	1125
1693085	1693284	1	73	1126
1693286	1693485	1	73	1127
1693487	1693686	1	73	1128
1696819	1697018	1	69	1105
1697020	1697219	1	69	1106
1697221	1697420	1	69	1107
1697422	1697621	1	69	1108
1697483	1697682	1	16	943
1697623	1697822	1	69	1109
1697684	1697883	1	16	944
1697885	1698084	1	16	945
1698086	1698285	1	16	946
1698287	1698486	1	16	947
1717699	1717898	1	42	1021
1717900	1718099	1	42	1022
1718101	1718300	1	42	1023
1721788	1721987	1	76	1132
1724104	1724303	1	1	906
1724305	1724504	1	1	907
1724506	1724705	1	1	908
1724707	1724906	1	1	909
1732595	1732794	1	93	1181
1732796	1732995	1	93	1182
1732997	1733196	1	93	1183
1736243	1736442	1	68	1100
1736444	1736643	1	68	1101
1736645	1736844	1	68	1102
1736846	1737045	1	68	1103
1737047	1737246	1	68	1104
1738174	1738373	1	7	920
1738375	1738574	1	7	921
1738576	1738775	1	7	922
1738777	1738976	1	7	923
1739883	1740082	1	58	1069
1746604	1746803	1	55	1058
1746805	1747004	1	55	1059
1747006	1747205	1	55	1060
1747207	1747406	1	55	1061
1748095	1748294	1	19	950
1748296	1748495	1	19	951
1748497	1748696	1	19	952
1755065	1755264	1	50	1045
1755266	1755465	1	50	1046
1756930	1757129	1	71	1115
1757131	1757330	1	71	1116
1757332	1757531	1	71	1117
1757533	1757732	1	71	1118
1760863	1761062	1	87	1162
1761064	1761263	1	87	1163
1761265	1761464	1	87	1164
1761466	1761665	1	87	1165
1770549	1770748	1	26	975
1770750	1770949	1	26	976
1770951	1771150	1	26	977
1771152	1771351	1	26	978
1771900	1772099	1	65	1091
1772101	1772300	1	65	1092
1772205	1772404	1	44	1027
1772248	1772447	1	11	932
1772302	1772501	1	65	1093
1772406	1772605	1	44	1028
1772449	1772648	1	11	933
1772503	1772702	1	65	1094
1772607	1772806	1	44	1029
1772650	1772849	1	11	934
1772808	1773007	1	44	1030
1773009	1773208	1	44	1031
1778382	1778581	1	56	1062
1778583	1778782	1	56	1063
1786563	1786762	1	21	957
1786764	1786963	1	21	958
1786896	1787095	1	80	1140
1786965	1787164	1	21	959
1787097	1787296	1	80	1141
1787166	1787365	1	21	960
1787298	1787497	1	80	1142
1787461	1787660	1	12	935
1793236	1793435	1	99	1205
1793626	1793825	1	97	1197
1793827	1794026	1	97	1198
1794028	1794227	1	97	1199
1794229	1794428	1	97	1200
1794430	1794629	1	97	1201
1802394	1802593	1	67	1099
1804154	1804353	1	89	1171
1804355	1804554	1	89	1172
1805950	1806149	1	82	1145
1806151	1806350	1	82	1146
1806352	1806551	1	82	1147
1806553	1806752	1	82	1148
1806754	1806953	1	82	1149
1826796	1826995	1	52	1048
1826997	1827196	1	52	1049
1827198	1827397	1	52	1050
1827377	1827576	1	46	1036
1827399	1827598	1	52	1051
1827578	1827777	1	46	1037
1835488	1835687	1	98	1202
1835689	1835888	1	98	1203
1835890	1836089	1	98	1204
1855369	1855568	1	4	915
1855570	1855769	1	4	916
1855771	1855970	1	4	917
1856376	1856575	1	66	1095
1856577	1856776	1	66	1096
1856778	1856977	1	66	1097
1856979	1857178	1	66	1098
1858753	1858952	1	14	937
1858954	1859153	1	14	938
1859180	1859379	1	13	936
1865303	1865502	1	64	1086
1865504	1865703	1	64	1087
1865705	1865904	1	64	1088
1865906	1866105	1	64	1089
1866107	1866306	1	64	1090
1867959	1868158	1	15	939
1868160	1868359	1	15	940
1868361	1868560	1	15	941
1868562	1868761	1	15	942
1874963	1875162	1	53	1052
1880439	1880638	1	62	1079
1880640	1880839	1	62	1080
1880841	1881040	1	62	1081
1887722	1887921	1	0	901
1887923	1888122	1	0	902
1888124	1888323	1	0	903
1888325	1888524	1	0	904
1888526	1888725	1	0	905
1890356	1890555	1	35	1003
1890557	1890756	1	35	1004
1890758	1890957	1	35	1005
1890959	1891158	1	35	1006
1891160	1891359	1	35	1007
1892799	1892998	1	40	1016
1905324	1905523	1	47	1038
1905525	1905724	1	47	1039
1905726	1905925	1	47	1040
1908699	1908898	1	23	965
1909449	1909648	1	25	971
1909650	1909849	1	25	972
1909851	1910050	1	25	973
1910052	1910251	1	25	974
1911057	1911256	1	33	1000
1917458	1917657	1	30	990
1917659	1917858	1	30	991
1917860	1918059	1	30	992
1917881	1918080	1	59	1070
1918061	1918260	1	30	993
1918082	1918281	1	59	1071
1918283	1918482	1	59	1072
1918484	1918683	1	59	1073
1929663	1929862	1	57	1064
1929864	1930063	1	57	1065
1930065	1930264	1	57	1066
1930266	1930465	1	57	1067
1930467	1930666	1	57	1068
1946996	1947195	1	41	1017
1947197	1947396	1	41	1018
1947398	1947597	1	41	1019
1947599	1947798	1	41	1020
1949769	1949968	1	9	926
1949970	1950169	1	9	927
1950171	1950370	1	9	928
1950372	1950571	1	9	929
1950573	1950772	1	9	930
1950915	1951114	1	84	1154
1951116	1951315	1	84	1155
1959405	1959604	1	60	1074
1965005	1965204	1	81	1143
1965206	1965405	1	81	1144
1967491	1967690	1	5	918
1968284	1968483	1	88	1166
1968485	1968684	1	88	1167
1968686	1968885	1	88	1168
1968887	1969086	1	88	1169
1969088	1969287	1	88	1170
1969129	1969328	1	29	985
1969330	1969529	1	29	986
1969531	1969730	1	29	987
1969732	1969931	1	29	988
1969933	1970132	1	29	989
1992565	1992764	1	34	1001
1992766	1992965	1	34	1002
1993567	1993766	1	77	1133
1993768	1993967	1	77	1134
1993969	1994168	1	77	1135
2026600	2026799	1	70	1110
2026801	2027000	1	70	1111
2027002	2027201	1	70	1112
2027203	2027402	1	70	1113
2027404	2027603	1	70	1114
2027529	2027728	1	61	1075
2027730	2027929	1	61	1076
2027931	2028130	1	61	1077
2028132	2028331	1	61	1078
2032790	2032989	1	45	1032
2032991	2033190	1	45	1033
2033192	2033391	1	45	1034
2033393	2033592	1	45	1035
2039110	2039309	1	20	953
2039311	2039510	1	20	954
2039512	2039711	1	20	955
2039713	2039912	1	20	956
2040100	2040299	1	3	911
2040301	2040500	1	3	912
2040502	2040701	1	3	913
2040703	2040902	1	3	914
2043278	2043477	1	38	1012
2043479	2043678	1	38	1013
2043680	2043879	1	38	1014
2043894	2044093	1	31	994
2044095	2044294	1	31	995
2044296	2044495	1	31	996
2044798	2044997	1	10	931
2048078	2048277	1	85	1156
2048279	2048478	1	85	1157
2048480	2048679	1	85	1158
2048681	2048880	1	85	1159
2051179	2051378	1	86	1160
2051380	2051579	1	86	1161
2052450	2052649	1	27	979
2052651	2052850	1	27	980
2054706	2054905	1	63	1082
2054907	2055106	1	63	1083
2055108	2055307	1	63	1084
2055309	2055508	1	63	1085
2061011	2061210	1	43	1024
2061212	2061411	1	43	1025
2061413	2061612	1	43	1026
2066433	2066632	1	74	1129
2068238	2068437	1	17	948
2068454	2068653	1	54	1053
2068655	2068854	1	54	1054
2068856	2069055	1	54	1055
2069057	2069256	1	54	1056
2069258	2069457	1	54	1057
2104873	2105072	1	94	1503
2105074	2105273	1	94	1504
2105380	2105579	1	30	1306
2105581	2105780	1	30	1307
2105782	2105981	1	30	1308
2112510	2112709	1	90	1489
2112711	2112910	1	90	1490
2112912	2113111	1	90	1491
2113113	2113312	1	90	1492
2113788	2113987	1	9	1236
2121257	2121456	1	64	1419
2121458	2121657	1	64	1420
2121659	2121858	1	64	1421
2121860	2122059	1	64	1422
2121878	2122077	1	42	1348
2122061	2122260	1	64	1423
2122079	2122278	1	42	1349
2122280	2122479	1	42	1350
2129820	2130019	1	87	1482
2138697	2138896	1	35	1321
2138898	2139097	1	35	1322
2139099	2139298	1	35	1323
2139300	2139499	1	35	1324
2139501	2139700	1	35	1325
2140396	2140595	1	99	1515
2140597	2140796	1	99	1516
2140798	2140997	1	99	1517
2149403	2149602	1	10	1237
2149604	2149803	1	10	1238
2159509	2159708	1	49	1369
2159710	2159909	1	49	1370
2159911	2160110	1	49	1371
2160112	2160311	1	49	1372
2160686	2160885	1	25	1291
2160887	2161086	1	25	1292
2161088	2161287	1	25	1293
2161289	2161488	1	25	1294
2161490	2161689	1	25	1295
2162957	2163156	1	55	1392
2163158	2163357	1	55	1393
2163359	2163558	1	55	1394
2163554	2163753	1	29	1303
2163755	2163954	1	29	1304
2163956	2164155	1	29	1305
2170817	2171016	1	40	1342
2173897	2174096	1	62	1413
2174098	2174297	1	62	1414
2178563	2178762	1	24	1288
2178764	2178963	1	24	1289
2178965	2179164	1	24	1290
2189227	2189426	1	34	1318
2189428	2189627	1	34	1319
2189629	2189828	1	34	1320
2192248	2192447	1	36	1326
2192449	2192648	1	36	1327
2192650	2192849	1	36	1328
2196457	2196656	1	97	1509
2196658	2196857	1	97	1510
2196859	2197058	1	97	1511
2197060	2197259	1	97	1512
2197261	2197460	1	97	1513
2200175	2200374	1	20	1276
2200376	2200575	1	20	1277
2200680	2200879	1	77	1454
2200880	2201079	1	5	1226
2200881	2201080	1	77	1455
2201081	2201280	1	5	1227
2201082	2201281	1	77	1456
2201282	2201481	1	5	1228
2210960	2211159	1	66	1425
2210962	2211161	1	78	1457
2211163	2211362	1	78	1458
2211364	2211563	1	78	1459
2211565	2211764	1	78	1460
2211766	2211965	1	78	1461
2214173	2214372	1	79	1462
2223585	2223784	1	15	1257
2223786	2223985	1	15	1258
2223987	2224186	1	15	1259
2224083	2224282	1	50	1373
2224188	2224387	1	15	1260
2224284	2224483	1	50	1374
2224389	2224588	1	15	1261
2224485	2224684	1	50	1375
2224686	2224885	1	50	1376
2228810	2229009	1	53	1384
2229011	2229210	1	53	1385
2229212	2229411	1	53	1386
2229413	2229612	1	53	1387
2229634	2229833	1	95	1505
2232617	2232816	1	31	1309
2232818	2233017	1	31	1310
2233019	2233218	1	31	1311
2233220	2233419	1	31	1312
2233421	2233620	1	31	1313
2234667	2234866	1	80	1463
2265741	2265940	1	27	1297
2269034	2269233	1	54	1388
2269235	2269434	1	54	1389
2269436	2269635	1	54	1390
2269637	2269836	1	54	1391
2270915	2271114	1	48	1368
2273206	2273405	1	63	1415
2273407	2273606	1	63	1416
2273608	2273807	1	63	1417
2273809	2274008	1	63	1418
2287419	2287618	1	98	1514
2294439	2294638	1	11	1239
2294640	2294839	1	11	1240
2294841	2295040	1	11	1241
2295042	2295241	1	11	1242
2301552	2301751	1	81	1464
2302923	2303122	1	82	1465
2303124	2303323	1	82	1466
2303325	2303524	1	82	1467
2303526	2303725	1	82	1468
2303840	2304039	1	60	1407
2308780	2308979	1	88	1483
2308981	2309180	1	88	1484
2309182	2309381	1	88	1485
2309383	2309582	1	88	1486
2315941	2316140	1	76	1453
2326460	2326659	1	70	1434
2326661	2326860	1	70	1435
2326862	2327061	1	70	1436
2332391	2332590	1	1	1209
2332592	2332791	1	1	1210
2332793	2332992	1	1	1211
2332994	2333193	1	1	1212
2341544	2341743	1	46	1362
2341745	2341944	1	46	1363
2341946	2342145	1	46	1364
2341965	2342164	1	74	1448
2342147	2342346	1	46	1365
2342166	2342365	1	74	1449
2350543	2350742	1	19	1271
2350744	2350943	1	19	1272
2350945	2351144	1	19	1273
2351146	2351345	1	19	1274
2351347	2351546	1	19	1275
2351993	2352192	1	32	1314
2365219	2365418	1	56	1395
2372875	2373074	1	65	1424
2384933	2385132	1	7	1234
2385431	2385630	1	33	1315
2385632	2385831	1	33	1316
2385833	2386032	1	33	1317
2389386	2389585	1	22	1283
2389587	2389786	1	22	1284
2389788	2389987	1	22	1285
2390185	2390384	1	41	1343
2390386	2390585	1	41	1344
2390587	2390786	1	41	1345
2390788	2390987	1	41	1346
2390989	2391188	1	41	1347
2391458	2391657	1	47	1366
2391659	2391858	1	47	1367
2396400	2396599	1	0	1206
2396601	2396800	1	0	1207
2396802	2397001	1	0	1208
2400814	2401013	1	58	1401
2401015	2401214	1	58	1402
2401216	2401415	1	58	1403
2401417	2401616	1	58	1404
2401618	2401817	1	58	1405
2408652	2408851	1	89	1487
2408853	2409052	1	89	1488
2409499	2409698	1	6	1229
2409579	2409778	1	26	1296
2409700	2409899	1	6	1230
2409901	2410100	1	6	1231
2410102	2410301	1	6	1232
2410303	2410502	1	6	1233
2410399	2410598	1	13	1248
2410600	2410799	1	13	1249
2410801	2411000	1	13	1250
2411002	2411201	1	13	1251
2420263	2420462	1	85	1478
2420464	2420663	1	85	1479
2426436	2426635	1	71	1437
2426637	2426836	1	71	1438
2426838	2427037	1	71	1439
2427039	2427238	1	71	1440
2427240	2427439	1	71	1441
2427377	2427576	1	37	1329
2427578	2427777	1	37	1330
2427779	2427978	1	37	1331
2427980	2428179	1	37	1332
2428181	2428380	1	37	1333
2448703	2448902	1	38	1334
2448904	2449103	1	38	1335
2449105	2449304	1	38	1336
2455114	2455313	1	93	1499
2455315	2455514	1	93	1500
2455516	2455715	1	93	1501
2455716	2455915	1	3	1218
2455717	2455916	1	93	1502
2455822	2456021	1	21	1278
2455917	2456116	1	3	1219
2456023	2456222	1	21	1279
2456118	2456317	1	3	1220
2456224	2456423	1	21	1280
2456319	2456518	1	3	1221
2456425	2456624	1	21	1281
2456520	2456719	1	3	1222
2456626	2456825	1	21	1282
2462084	2462283	1	17	1263
2462285	2462484	1	17	1264
2462486	2462685	1	17	1265
2466284	2466483	1	2	1213
2466485	2466684	1	2	1214
2466686	2466885	1	2	1215
2466887	2467086	1	2	1216
2467088	2467287	1	2	1217
2467715	2467914	1	39	1337
2467916	2468115	1	39	1338
2468117	2468316	1	39	1339
2468318	2468517	1	39	1340
2468519	2468718	1	39	1341
2469514	2469713	1	45	1361
2470108	2470307	1	44	1356
2470309	2470508	1	44	1357
2470510	2470709	1	44	1358
2470711	2470910	1	44	1359
2470912	2471111	1	44	1360
2472281	2472480	1	86	1480
2472482	2472681	1	86	1481
2473751	2473950	1	16	1262
2479277	2479476	1	84	1473
2479478	2479677	1	84	1474
2479679	2479878	1	84	1475
2479880	2480079	1	84	1476
2480081	2480280	1	84	1477
2487559	2487758	1	69	1433
2490951	2491150	1	59	1406
2495732	2495931	1	8	1235
2496925	2497124	1	96	1506
2497126	2497325	1	96	1507
2497327	2497526	1	96	1508
2503738	2503937	1	43	1351
2503939	2504138	1	43	1352
2503944	2504143	1	12	1243
2504140	2504339	1	43	1353
2504145	2504344	1	12	1244
2504341	2504540	1	43	1354
2504346	2504545	1	12	1245
2504542	2504741	1	43	1355
2504547	2504746	1	12	1246
2504748	2504947	1	12	1247
2505698	2505897	1	72	1442
2505899	2506098	1	72	1443
2506100	2506299	1	72	1444
2506301	2506500	1	72	1445
2506502	2506701	1	72	1446
2508958	2509157	1	68	1429
2509159	2509358	1	68	1430
2509360	2509559	1	68	1431
2509561	2509760	1	68	1432
2511244	2511443	1	91	1493
2511445	2511644	1	91	1494
2511646	2511845	1	91	1495
2511847	2512046	1	91	1496
2512048	2512247	1	91	1497
2516688	2516887	1	57	1396
2516889	2517088	1	57	1397
2517090	2517289	1	57	1398
2517291	2517490	1	57	1399
2517492	2517691	1	57	1400
2518206	2518405	1	67	1426
2518407	2518606	1	67	1427
2518608	2518807	1	67	1428
2529216	2529415	1	14	1252
2529282	2529481	1	51	1377
2529417	2529616	1	14	1253
2529483	2529682	1	51	1378
2529618	2529817	1	14	1254
2529684	2529883	1	51	1379
2529819	2530018	1	14	1255
2529885	2530084	1	51	1380
2530020	2530219	1	14	1256
2541607	2541806	1	18	1266
2541808	2542007	1	18	1267
2542009	2542208	1	18	1268
2542210	2542409	1	18	1269
2542411	2542610	1	18	1270
2545625	2545824	1	52	1381
2545826	2546025	1	52	1382
2546027	2546226	1	52	1383
2551058	2551257	1	75	1450
2551259	2551458	1	75	1451
2551460	2551659	1	75	1452
2573483	2573682	1	83	1469
2573684	2573883	1	83	1470
2573885	2574084	1	83	1471
2574086	2574285	1	83	1472
2575632	2575831	1	73	1447
2576714	2576913	1	61	1408
2576915	2577114	1	61	1409
2577116	2577315	1	61	1410
2577317	2577516	1	61	1411
2577518	2577717	1	61	1412
2578674	2578873	1	4	1223
2578875	2579074	1	4	1224
2579076	2579275	1	4	1225
2587584	2587783	1	92	1498
2589459	2589658	1	23	1286
2589660	2589859	1	23	1287
2595308	2595507	1	28	1298
2595509	2595708	1	28	1299
2595710	2595909	1	28	1300
2595911	2596110	1	28	1301
2596112	2596311	1	28	1302
2622315	2622514	1	74	1727
2622516	2622715	1	74	1728
2622717	2622916	1	74	1729
2622918	2623117	1	74	1730
2634373	2634572	1	32	1614
2638934	2639133	1	85	1757
2641976	2642175	1	95	1790
2642177	2642376	1	95	1791
2642378	2642577	1	95	1792
2649392	2649591	1	80	1744
2649593	2649792	1	80	1745
2649794	2649993	1	80	1746
2649995	2650194	1	80	1747
2653258	2653457	1	10	1550
2653459	2653658	1	10	1551
2653660	2653859	1	10	1552
2653822	2654021	1	38	1631
2653861	2654060	1	10	1553
2654062	2654261	1	10	1554
2660140	2660339	1	45	1644
2660341	2660540	1	45	1645
2660542	2660741	1	45	1646
2660743	2660942	1	45	1647
2660944	2661143	1	45	1648
2663349	2663548	1	27	1601
2663550	2663749	1	27	1602
2666332	2666531	1	64	1693
2666533	2666732	1	64	1694
2673188	2673387	1	14	1565
2680497	2680696	1	67	1700
2680698	2680897	1	67	1701
2680899	2681098	1	67	1702
2681100	2681299	1	67	1703
2681301	2681500	1	67	1704
2685669	2685868	1	2	1523
2685870	2686069	1	2	1524
2686071	2686270	1	2	1525
2686272	2686471	1	2	1526
2686473	2686672	1	2	1527
2688607	2688806	1	25	1598
2688808	2689007	1	25	1599
2696364	2696563	1	55	1670
2696565	2696764	1	55	1671
2700871	2701070	1	9	1545
2701072	2701271	1	9	1546
2701273	2701472	1	9	1547
2701474	2701673	1	9	1548
2701675	2701874	1	9	1549
2702101	2702300	1	96	1793
2704017	2704216	1	83	1752
2704218	2704417	1	83	1753
2704419	2704618	1	83	1754
2704479	2704678	1	63	1689
2704620	2704819	1	83	1755
2704680	2704879	1	63	1690
2704881	2705080	1	63	1691
2705082	2705281	1	63	1692
2712949	2713148	1	18	1579
2713150	2713349	1	18	1580
2714298	2714497	1	76	1735
2714499	2714698	1	76	1736
2714700	2714899	1	76	1737
2716660	2716859	1	31	1609
2716861	2717060	1	31	1610
2717062	2717261	1	31	1611
2717263	2717462	1	31	1612
2717464	2717663	1	31	1613
2719627	2719826	1	97	1794
2719828	2720027	1	97	1795
2720029	2720228	1	97	1796
2723604	2723803	1	81	1748
2725059	2725258	1	71	1718
2725260	2725459	1	71	1719
2731148	2731347	1	91	1774
2731349	2731548	1	91	1775
2731550	2731749	1	91	1776
2731751	2731950	1	91	1777
2731952	2732151	1	91	1778
2733499	2733698	1	34	1616
2733700	2733899	1	34	1617
2733901	2734100	1	34	1618
2737874	2738073	1	84	1756
2738928	2739127	1	56	1672
2751304	2751503	1	92	1779
2751505	2751704	1	92	1780
2751706	2751905	1	92	1781
2752895	2753094	1	82	1749
2753096	2753295	1	82	1750
2753297	2753496	1	82	1751
2763328	2763527	1	79	1743
2766907	2767106	1	17	1574
2767108	2767307	1	17	1575
2767309	2767508	1	17	1576
2767376	2767575	1	24	1596
2767510	2767709	1	17	1577
2767577	2767776	1	24	1597
2767711	2767910	1	17	1578
2772278	2772477	1	78	1741
2772479	2772678	1	78	1742
2774831	2775030	1	11	1555
2775032	2775231	1	11	1556
2775233	2775432	1	11	1557
2775434	2775633	1	11	1558
2780176	2780375	1	20	1584
2780377	2780576	1	20	1585
2781454	2781653	1	61	1683
2781655	2781854	1	61	1684
2781856	2782055	1	61	1685
2782818	2783017	1	42	1636
2783019	2783218	1	42	1637
2783220	2783419	1	42	1638
2783421	2783620	1	42	1639
2783622	2783821	1	42	1640
2783834	2784033	1	13	1561
2784035	2784234	1	13	1562
2784236	2784435	1	13	1563
2784437	2784636	1	13	1564
2790001	2790200	1	51	1662
2790202	2790401	1	51	1663
2790403	2790602	1	51	1664
2790604	2790803	1	51	1665
2794603	2794802	1	72	1720
2794804	2795003	1	72	1721
2795005	2795204	1	72	1722
2795206	2795405	1	72	1723
2795407	2795606	1	72	1724
2799953	2800152	1	65	1695
2800154	2800353	1	65	1696
2800355	2800554	1	65	1697
2812203	2812402	1	86	1758
2812404	2812603	1	86	1759
2816169	2816368	1	6	1537
2816332	2816531	1	0	1518
2816370	2816569	1	6	1538
2816533	2816732	1	0	1519
2816571	2816770	1	6	1539
2816734	2816933	1	0	1520
2816772	2816971	1	6	1540
2816935	2817134	1	0	1521
2818628	2818827	1	68	1705
2818829	2819028	1	68	1706
2819030	2819229	1	68	1707
2819231	2819430	1	68	1708
2825976	2826175	1	46	1649
2826177	2826376	1	46	1650
2826378	2826577	1	46	1651
2826579	2826778	1	46	1652
2826780	2826979	1	46	1653
2836089	2836288	1	93	1782
2836290	2836489	1	93	1783
2836491	2836690	1	93	1784
2841210	2841409	1	29	1606
2846733	2846932	1	90	1771
2846786	2846985	1	87	1760
2846934	2847133	1	90	1772
2846987	2847186	1	87	1761
2847135	2847334	1	90	1773
2847188	2847387	1	87	1762
2847389	2847588	1	87	1763
2847590	2847789	1	87	1764
2858164	2858363	1	3	1528
2858365	2858564	1	3	1529
2860180	2860379	1	36	1624
2860381	2860580	1	36	1625
2860582	2860781	1	36	1626
2860783	2860982	1	36	1627
2861548	2861747	1	43	1641
2861834	2862033	1	50	1659
2862035	2862234	1	50	1660
2862236	2862435	1	50	1661
2866811	2867010	1	30	1607
2867012	2867211	1	30	1608
2875281	2875480	1	5	1535
2875482	2875681	1	5	1536
2881966	2882165	1	52	1666
2882855	2883054	1	35	1619
2883056	2883255	1	35	1620
2883257	2883456	1	35	1621
2883458	2883657	1	35	1622
2883659	2883858	1	35	1623
2885307	2885506	1	69	1709
2885508	2885707	1	69	1710
2885709	2885908	1	69	1711
2885910	2886109	1	69	1712
2897395	2897594	1	4	1530
2897596	2897795	1	4	1531
2897797	2897996	1	4	1532
2897998	2898197	1	4	1533
2898042	2898241	1	62	1686
2898199	2898398	1	4	1534
2898243	2898442	1	62	1687
2898444	2898643	1	62	1688
2899483	2899682	1	47	1654
2899684	2899883	1	47	1655
2906505	2906704	1	12	1559
2906706	2906905	1	12	1560
2909507	2909706	1	94	1785
2909708	2909907	1	94	1786
2909909	2910108	1	94	1787
2910110	2910309	1	94	1788
2910311	2910510	1	94	1789
2919528	2919727	1	15	1566
2919729	2919928	1	15	1567
2919930	2920129	1	15	1568
2921844	2922043	1	22	1588
2922045	2922244	1	22	1589
2922246	2922445	1	22	1590
2922447	2922646	1	22	1591
2922648	2922847	1	22	1592
2931424	2931623	1	26	1600
2950727	2950926	1	57	1673
2950928	2951127	1	57	1674
2958219	2958418	1	44	1642
2958420	2958619	1	44	1643
2959909	2960108	1	19	1581
2960110	2960309	1	19	1582
2960311	2960510	1	19	1583
2964318	2964517	1	39	1632
2977710	2977909	1	40	1633
2977911	2978110	1	40	1634
2982478	2982677	1	54	1668
2982679	2982878	1	54	1669
2984302	2984501	1	66	1698
2984503	2984702	1	66	1699
2986549	2986748	1	7	1541
3001808	3002007	1	98	1797
3002009	3002208	1	98	1798
3002210	3002409	1	98	1799
3002411	3002610	1	98	1800
3002612	3002811	1	98	1801
3009414	3009613	1	60	1682
3018116	3018315	1	59	1680
3018317	3018516	1	59	1681
3019878	3020077	1	99	1802
3020079	3020278	1	99	1803
3020280	3020479	1	99	1804
3022305	3022504	1	8	1542
3022506	3022705	1	8	1543
3022707	3022906	1	8	1544
3025973	3026172	1	49	1657
3026174	3026373	1	49	1658
3026260	3026459	1	16	1569
3026461	3026660	1	16	1570
3026662	3026861	1	16	1571
3026704	3026903	1	41	1635
3026863	3027062	1	16	1572
3027064	3027263	1	16	1573
3029782	3029981	1	58	1675
3029983	3030182	1	58	1676
3030184	3030383	1	58	1677
3030385	3030584	1	58	1678
3030586	3030785	1	58	1679
3031072	3031271	1	33	1615
3035257	3035456	1	48	1656
3043176	3043375	1	70	1713
3043377	3043576	1	70	1714
3043578	3043777	1	70	1715
3043779	3043978	1	70	1716
3043980	3044179	1	70	1717
3046628	3046827	1	77	1738
3046829	3047028	1	77	1739
3047030	3047229	1	77	1740
3053225	3053424	1	89	1769
3053426	3053625	1	89	1770
3057218	3057417	1	23	1593
3057419	3057618	1	23	1594
3057620	3057819	1	23	1595
3074479	3074678	1	21	1586
3074680	3074879	1	21	1587
3076300	3076499	1	73	1725
3076501	3076700	1	73	1726
3087157	3087356	1	88	1765
3087358	3087557	1	88	1766
3087559	3087758	1	88	1767
3087760	3087959	1	88	1768
3094689	3094888	1	1	1522
3100966	3101165	1	37	1628
3101167	3101366	1	37	1629
3101368	3101567	1	37	1630
3109930	3110129	1	53	1667
3111982	3112181	1	28	1603
3112183	3112382	1	28	1604
3112384	3112583	1	28	1605
3114998	3115197	1	75	1731
3115199	3115398	1	75	1732
3115400	3115599	1	75	1733
3115601	3115800	1	75	1734
3149449	3149648	1	13	1843
3149650	3149849	1	13	1844
3154908	3155107	1	15	1847
3155109	3155308	1	15	1848
3155310	3155509	1	15	1849
3155511	3155710	1	15	1850
3155712	3155911	1	15	1851
3161381	3161580	1	85	2065
3167260	3167459	1	78	2044
3167461	3167660	1	78	2045
3167662	3167861	1	78	2046
3167863	3168062	1	78	2047
3168064	3168263	1	78	2048
3170497	3170696	1	17	1857
3170698	3170897	1	17	1858
3170899	3171098	1	17	1859
3172913	3173112	1	82	2059
3173114	3173313	1	82	2060
3173315	3173514	1	82	2061
3173516	3173715	1	82	2062
3179768	3179967	1	21	1868
3179969	3180168	1	21	1869
3180170	3180369	1	21	1870
3180371	3180570	1	21	1871
3185300	3185499	1	90	2080
3185501	3185700	1	90	2081
3185702	3185901	1	90	2082
3185903	3186102	1	90	2083
3186104	3186303	1	90	2084
3191639	3191838	1	98	2116
3191840	3192039	1	98	2117
3194770	3194969	1	34	1920
3194971	3195170	1	34	1921
3195172	3195371	1	34	1922
3195373	3195572	1	34	1923
3196677	3196876	1	46	1957
3198579	3198778	1	58	1989
3198780	3198979	1	58	1990
3198981	3199180	1	58	1991
3211161	3211360	1	37	1930
3211362	3211561	1	37	1931
3211563	3211762	1	37	1932
3211764	3211963	1	37	1933
3211965	3212164	1	37	1934
3218661	3218860	1	26	1891
3218862	3219061	1	26	1892
3219063	3219262	1	26	1893
3219189	3219388	1	63	2005
3219264	3219463	1	26	1894
3219390	3219589	1	63	2006
3219465	3219664	1	26	1895
3223272	3223471	1	96	2107
3223473	3223672	1	96	2108
3223674	3223873	1	96	2109
3223875	3224074	1	96	2110
3224076	3224275	1	96	2111
3225011	3225210	1	1	1807
3225212	3225411	1	1	1808
3225413	3225612	1	1	1809
3229592	3229791	1	75	2037
3233029	3233228	1	18	1860
3233230	3233429	1	18	1861
3241100	3241299	1	60	1997
3241301	3241500	1	60	1998
3242091	3242290	1	19	1862
3242292	3242491	1	19	1863
3242493	3242692	1	19	1864
3242700	3242899	1	20	1865
3242901	3243100	1	20	1866
3243102	3243301	1	20	1867
3245159	3245358	1	74	2035
3245360	3245559	1	74	2036
3246508	3246707	1	41	1939
3246709	3246908	1	41	1940
3246910	3247109	1	41	1941
3247111	3247310	1	41	1942
3248704	3248903	1	11	1840
3248905	3249104	1	11	1841
3249245	3249444	1	87	2071
3249446	3249645	1	87	2072
3251542	3251741	1	28	1898
3251743	3251942	1	28	1899
3251944	3252143	1	28	1900
3252145	3252344	1	28	1901
3256786	3256985	1	97	2112
3256959	3257158	1	94	2098
3256987	3257186	1	97	2113
3257160	3257359	1	94	2099
3257188	3257387	1	97	2114
3257361	3257560	1	94	2100
3257389	3257588	1	97	2115
3257562	3257761	1	94	2101
3257763	3257962	1	94	2102
3260395	3260594	1	45	1953
3260596	3260795	1	45	1954
3260797	3260996	1	45	1955
3260998	3261197	1	45	1956
3266363	3266562	1	65	2008
3266564	3266763	1	65	2009
3266765	3266964	1	65	2010
3266966	3267165	1	65	2011
3267424	3267623	1	83	2063
3270780	3270979	1	44	1948
3270981	3271180	1	44	1949
3271182	3271381	1	44	1950
3271383	3271582	1	44	1951
3271584	3271783	1	44	1952
3286034	3286233	1	3	1815
3286235	3286434	1	3	1816
3286436	3286635	1	3	1817
3286637	3286836	1	3	1818
3286838	3287037	1	3	1819
3286902	3287101	1	14	1845
3287103	3287302	1	14	1846
3287243	3287442	1	95	2103
3287444	3287643	1	95	2104
3287645	3287844	1	95	2105
3287846	3288045	1	95	2106
3291047	3291246	1	84	2064
3295906	3296105	1	77	2039
3296107	3296306	1	77	2040
3296308	3296507	1	77	2041
3296509	3296708	1	77	2042
3296710	3296909	1	77	2043
3311028	3311227	1	38	1935
3314015	3314214	1	57	1985
3314216	3314415	1	57	1986
3314417	3314616	1	57	1987
3314618	3314817	1	57	1988
3319188	3319387	1	61	1999
3319389	3319588	1	61	2000
3319590	3319789	1	61	2001
3319791	3319990	1	61	2002
3332682	3332881	1	56	1980
3332883	3333082	1	56	1981
3333084	3333283	1	56	1982
3333285	3333484	1	56	1983
3333486	3333685	1	56	1984
3337603	3337802	1	8	1832
3337804	3338003	1	8	1833
3341833	3342032	1	89	2076
3342034	3342233	1	89	2077
3342235	3342434	1	89	2078
3342301	3342500	1	54	1976
3342436	3342635	1	89	2079
3342502	3342701	1	54	1977
3342703	3342902	1	54	1978
3354258	3354457	1	35	1924
3354459	3354658	1	35	1925
3354660	3354859	1	35	1926
3354861	3355060	1	35	1927
3355302	3355501	1	10	1835
3355503	3355702	1	10	1836
3355704	3355903	1	10	1837
3355905	3356104	1	10	1838
3356106	3356305	1	10	1839
3357131	3357330	1	47	1958
3357332	3357531	1	47	1959
3357533	3357732	1	47	1960
3357734	3357933	1	47	1961
3365201	3365400	1	33	1917
3365402	3365601	1	33	1918
3365603	3365802	1	33	1919
3370310	3370509	1	0	1805
3370511	3370710	1	0	1806
3378198	3378397	1	86	2066
3378399	3378598	1	86	2067
3378600	3378799	1	86	2068
3378801	3379000	1	86	2069
3379002	3379201	1	86	2070
3384912	3385111	1	68	2018
3385113	3385312	1	68	2019
3385314	3385513	1	68	2020
3389256	3389455	1	39	1936
3399178	3399377	1	79	2049
3399379	3399578	1	79	2050
3399463	3399662	1	88	2073
3399664	3399863	1	88	2074
3399865	3400064	1	88	2075
3400110	3400309	1	52	1972
3400311	3400510	1	52	1973
3406441	3406640	1	2	1810
3406642	3406841	1	2	1811
3406843	3407042	1	2	1812
3407044	3407243	1	2	1813
3407245	3407444	1	2	1814
3413386	3413585	1	76	2038
3416307	3416506	1	5	1821
3416508	3416707	1	5	1822
3422234	3422433	1	66	2012
3422435	3422634	1	66	2013
3422636	3422835	1	66	2014
3422837	3423036	1	66	2015
3426758	3426957	1	36	1928
3426959	3427158	1	36	1929
3429554	3429753	1	32	1915
3429755	3429954	1	32	1916
3436158	3436357	1	62	2003
3436359	3436558	1	62	2004
3438764	3438963	1	99	2118
3438965	3439164	1	99	2119
3449522	3449721	1	31	1910
3449723	3449922	1	31	1911
3449924	3450123	1	31	1912
3450125	3450324	1	31	1913
3450239	3450438	1	25	1886
3450326	3450525	1	31	1914
3450440	3450639	1	25	1887
3450641	3450840	1	25	1888
3450842	3451041	1	25	1889
3451043	3451242	1	25	1890
3461989	3462188	1	51	1969
3462190	3462389	1	51	1970
3462391	3462590	1	51	1971
3462944	3463143	1	30	1906
3463145	3463344	1	30	1907
3463346	3463545	1	30	1908
3463547	3463746	1	30	1909
3496464	3496663	1	29	1902
3496665	3496864	1	29	1903
3496866	3497065	1	29	1904
3497067	3497266	1	29	1905
3502579	3502778	1	71	2028
3502780	3502979	1	71	2029
3502981	3503180	1	71	2030
3503182	3503381	1	71	2031
3505554	3505753	1	93	2094
3505755	3505954	1	93	2095
3505956	3506155	1	93	2096
3506157	3506356	1	93	2097
3509713	3509912	1	16	1852
3509914	3510113	1	16	1853
3510115	3510314	1	16	1854
3510309	3510508	1	22	1872
3510316	3510515	1	16	1855
3510510	3510709	1	22	1873
3510517	3510716	1	16	1856
3510711	3510910	1	22	1874
3510912	3511111	1	22	1875
3525134	3525333	1	69	2021
3525335	3525534	1	69	2022
3525536	3525735	1	69	2023
3525737	3525936	1	69	2024
3525938	3526137	1	69	2025
3529417	3529616	1	48	1962
3529618	3529817	1	48	1963
3531003	3531202	1	12	1842
3535200	3535399	1	81	2054
3535401	3535600	1	81	2055
3535602	3535801	1	81	2056
3535803	3536002	1	81	2057
3536004	3536203	1	81	2058
3544883	3545082	1	67	2016
3545084	3545283	1	67	2017
3546409	3546608	1	42	1943
3548437	3548636	1	4	1820
3548644	3548843	1	43	1944
3548845	3549044	1	43	1945
3549046	3549245	1	43	1946
3549247	3549446	1	43	1947
3551951	3552150	1	9	1834
3553665	3553864	1	53	1974
3553866	3554065	1	53	1975
3555859	3556058	1	50	1965
3556060	3556259	1	50	1966
3556261	3556460	1	50	1967
3556462	3556661	1	50	1968
3567147	3567346	1	27	1896
3567348	3567547	1	27	1897
3571587	3571786	1	59	1992
3571788	3571987	1	59	1993
3571989	3572188	1	59	1994
3572190	3572389	1	59	1995
3572391	3572590	1	59	1996
3573742	3573941	1	49	1964
3575146	3575345	1	7	1828
3575347	3575546	1	7	1829
3575548	3575747	1	7	1830
3575749	3575948	1	7	1831
3581110	3581309	1	64	2007
3583722	3583921	1	6	1823
3583753	3583952	1	72	2032
3583923	3584122	1	6	1824
3583954	3584153	1	72	2033
3584124	3584323	1	6	1825
3584325	3584524	1	6	1826
3584526	3584725	1	6	1827
3588420	3588619	1	40	1937
3588621	3588820	1	40	1938
3593279	3593478	1	70	2026
3593480	3593679	1	70	2027
3604601	3604800	1	24	1881
3604802	3605001	1	24	1882
3605003	3605202	1	24	1883
3605204	3605403	1	24	1884
3605405	3605604	1	24	1885
3616976	3617175	1	73	2034
3624996	3625195	1	92	2089
3625197	3625396	1	92	2090
3625398	3625597	1	92	2091
3625599	3625798	1	92	2092
3625800	3625999	1	92	2093
3626550	3626749	1	91	2085
3626751	3626950	1	91	2086
3626952	3627151	1	91	2087
3627153	3627352	1	91	2088
3629308	3629507	1	55	1979
3632300	3632499	1	80	2051
3632501	3632700	1	80	2052
3632702	3632901	1	80	2053
3637410	3637609	1	23	1876
3637611	3637810	1	23	1877
3637812	3638011	1	23	1878
3638013	3638212	1	23	1879
3638214	3638413	1	23	1880
3672111	3672310	1	36	2220
3672312	3672511	1	36	2221
3672513	3672712	1	36	2222
3673473	3673672	1	29	2205
3673674	3673873	1	29	2206
3673875	3674074	1	29	2207
3674570	3674769	1	33	2212
3674771	3674970	1	33	2213
3674972	3675171	1	33	2214
3675173	3675372	1	33	2215
3675374	3675573	1	33	2216
3683568	3683767	1	35	2218
3683769	3683968	1	35	2219
3685960	3686159	1	61	2291
3686161	3686360	1	61	2292
3686362	3686561	1	61	2293
3686563	3686762	1	61	2294
3704115	3704314	1	40	2230
3704316	3704515	1	40	2231
3704684	3704883	1	62	2295
3704885	3705084	1	62	2296
3705086	3705285	1	62	2297
3705287	3705486	1	62	2298
3705488	3705687	1	62	2299
3707101	3707300	1	13	2157
3707302	3707501	1	13	2158
3707503	3707702	1	13	2159
3710451	3710650	1	85	2379
3731143	3731342	1	11	2150
3731344	3731543	1	11	2151
3731545	3731744	1	11	2152
3731746	3731945	1	11	2153
3731920	3732119	1	46	2241
3731947	3732146	1	11	2154
3732121	3732320	1	46	2242
3732322	3732521	1	46	2243
3732523	3732722	1	46	2244
3744754	3744953	1	58	2280
3744955	3745154	1	58	2281
3745156	3745355	1	58	2282
3745357	3745556	1	58	2283
3745558	3745757	1	58	2284
3749273	3749472	1	45	2240
3763719	3763918	1	1	2122
3767554	3767753	1	48	2247
3767755	3767954	1	48	2248
3767956	3768155	1	48	2249
3768157	3768356	1	48	2250
3768358	3768557	1	48	2251
3775067	3775266	1	50	2253
3775268	3775467	1	50	2254
3775469	3775668	1	50	2255
3777216	3777415	1	49	2252
3784357	3784556	1	42	2234
3786758	3786957	1	12	2155
3786959	3787158	1	12	2156
3789518	3789717	1	63	2300
3789719	3789918	1	63	2301
3793759	3793958	1	9	2145
3793960	3794159	1	9	2146
3794161	3794360	1	9	2147
3798281	3798480	1	64	2302
3799738	3799937	1	86	2380
3799939	3800138	1	86	2381
3800140	3800339	1	86	2382
3802076	3802275	1	71	2325
3802277	3802476	1	71	2326
3802478	3802677	1	71	2327
3802679	3802878	1	71	2328
3814962	3815161	1	74	2339
3817026	3817225	1	81	2363
3817227	3817426	1	81	2364
3817428	3817627	1	81	2365
3817629	3817828	1	81	2366
3817830	3818029	1	81	2367
3823544	3823743	1	27	2200
3823745	3823944	1	27	2201
3823946	3824145	1	27	2202
3827401	3827600	1	28	2203
3827602	3827801	1	28	2204
3831463	3831662	1	7	2140
3846319	3846518	1	76	2344
3846520	3846719	1	76	2345
3846721	3846920	1	76	2346
3849471	3849670	1	54	2267
3849672	3849871	1	54	2268
3849873	3850072	1	54	2269
3850074	3850273	1	54	2270
3861558	3861757	1	65	2303
3861759	3861958	1	65	2304
3861960	3862159	1	65	2305
3864329	3864528	1	60	2289
3864530	3864729	1	60	2290
3866080	3866279	1	57	2279
3875105	3875304	1	70	2321
3875306	3875505	1	70	2322
3875507	3875706	1	70	2323
3875642	3875841	1	47	2245
3875708	3875907	1	70	2324
3875843	3876042	1	47	2246
3877719	3877918	1	98	2416
3880621	3880820	1	2	2123
3880822	3881021	1	2	2124
3881023	3881222	1	2	2125
3885767	3885966	1	73	2334
3885968	3886167	1	73	2335
3886169	3886368	1	73	2336
3886370	3886569	1	73	2337
3886571	3886770	1	73	2338
3887450	3887649	1	41	2232
3887651	3887850	1	41	2233
3889627	3889826	1	91	2395
3892378	3892577	1	3	2126
3892579	3892778	1	3	2127
3892780	3892979	1	3	2128
3892981	3893180	1	3	2129
3893561	3893760	1	72	2329
3893762	3893961	1	72	2330
3893963	3894162	1	72	2331
3894020	3894219	1	78	2352
3894164	3894363	1	72	2332
3894221	3894420	1	78	2353
3894261	3894460	1	21	2179
3894365	3894564	1	72	2333
3894422	3894621	1	78	2354
3894462	3894661	1	21	2180
3894663	3894862	1	21	2181
3894864	3895063	1	21	2182
3895362	3895561	1	4	2130
3895563	3895762	1	4	2131
3895764	3895963	1	4	2132
3895965	3896164	1	4	2133
3896166	3896365	1	4	2134
3901440	3901639	1	39	2229
3902939	3903138	1	24	2188
3903140	3903339	1	24	2189
3905786	3905985	1	87	2383
3905987	3906186	1	87	2384
3906188	3906387	1	87	2385
3906389	3906588	1	87	2386
3906399	3906598	1	66	2306
3906590	3906789	1	87	2387
3906600	3906799	1	66	2307
3906801	3907000	1	66	2308
3908041	3908240	1	68	2313
3908242	3908441	1	68	2314
3908443	3908642	1	68	2315
3914254	3914453	1	89	2389
3914455	3914654	1	89	2390
3914656	3914855	1	89	2391
3916764	3916963	1	94	2402
3919170	3919369	1	30	2208
3920631	3920830	1	22	2183
3920832	3921031	1	22	2184
3921033	3921232	1	22	2185
3922931	3923130	1	79	2355
3923132	3923331	1	79	2356
3923333	3923532	1	79	2357
3923534	3923733	1	79	2358
3923735	3923934	1	79	2359
3924374	3924573	1	38	2227
3924575	3924774	1	38	2228
3927311	3927510	1	5	2135
3927512	3927711	1	5	2136
3927713	3927912	1	5	2137
3927914	3928113	1	5	2138
3933396	3933595	1	44	2238
3933597	3933796	1	44	2239
3938018	3938217	1	96	2408
3938219	3938418	1	96	2409
3938420	3938619	1	96	2410
3938587	3938786	1	26	2195
3938621	3938820	1	96	2411
3938788	3938987	1	26	2196
3938989	3939188	1	26	2197
3939190	3939389	1	26	2198
3939391	3939590	1	26	2199
3943000	3943199	1	20	2175
3943201	3943400	1	20	2176
3943402	3943601	1	20	2177
3943603	3943802	1	20	2178
3946852	3947051	1	99	2417
3947053	3947252	1	99	2418
3947254	3947453	1	99	2419
3956205	3956404	1	0	2120
3956406	3956605	1	0	2121
3961890	3962089	1	14	2160
3962091	3962290	1	14	2161
3969991	3970190	1	80	2360
3970192	3970391	1	80	2361
3970393	3970592	1	80	2362
3980096	3980295	1	67	2309
3980297	3980496	1	67	2310
3980498	3980697	1	67	2311
3980699	3980898	1	67	2312
4000002	4000201	1	55	2271
4000203	4000402	1	55	2272
4000404	4000603	1	55	2273
4000605	4000804	1	55	2274
4002159	4002358	1	23	2186
4002360	4002559	1	23	2187
4006114	4006313	1	69	2316
4006315	4006514	1	69	2317
4006516	4006715	1	69	2318
4006717	4006916	1	69	2319
4006918	4007117	1	69	2320
4007957	4008156	1	56	2275
4008158	4008357	1	56	2276
4008359	4008558	1	56	2277
4008560	4008759	1	56	2278
4010154	4010353	1	95	2403
4010355	4010554	1	95	2404
4010556	4010755	1	95	2405
4010757	4010956	1	95	2406
4010958	4011157	1	95	2407
4032011	4032210	1	17	2166
4036660	4036859	1	84	2374
4036861	4037060	1	84	2375
4037062	4037261	1	84	2376
4037263	4037462	1	84	2377
4037464	4037663	1	84	2378
4040194	4040393	1	59	2285
4040395	4040594	1	59	2286
4040596	4040795	1	59	2287
4040797	4040996	1	59	2288
4063564	4063763	1	37	2223
4063765	4063964	1	37	2224
4063966	4064165	1	37	2225
4064167	4064366	1	37	2226
4068944	4069143	1	25	2190
4069145	4069344	1	25	2191
4069346	4069545	1	25	2192
4069547	4069746	1	25	2193
4069748	4069947	1	25	2194
4072941	4073140	1	77	2347
4073142	4073341	1	77	2348
4073343	4073542	1	77	2349
4073544	4073743	1	77	2350
4073745	4073944	1	77	2351
4075813	4076012	1	82	2368
4076014	4076213	1	82	2369
4076215	4076414	1	82	2370
4076416	4076615	1	82	2371
4076617	4076816	1	82	2372
4084300	4084499	1	34	2217
4101023	4101222	1	90	2392
4101059	4101258	1	43	2235
4101224	4101423	1	90	2393
4101260	4101459	1	43	2236
4101425	4101624	1	90	2394
4101461	4101660	1	43	2237
4103246	4103445	1	16	2163
4103447	4103646	1	16	2164
4103648	4103847	1	16	2165
4111074	4111273	1	52	2260
4111275	4111474	1	52	2261
4111476	4111675	1	52	2262
4111677	4111876	1	52	2263
4111878	4112077	1	52	2264
4115599	4115798	1	93	2398
4115800	4115999	1	93	2399
4116001	4116200	1	93	2400
4116126	4116325	1	15	2162
4116202	4116401	1	93	2401
4117260	4117459	1	83	2373
4118131	4118330	1	31	2209
4118332	4118531	1	31	2210
4120523	4120722	1	92	2396
4120724	4120923	1	92	2397
4128501	4128700	1	53	2265
4128702	4128901	1	53	2266
4134343	4134542	1	51	2256
4134544	4134743	1	51	2257
4134745	4134944	1	51	2258
4134946	4135145	1	51	2259
4140219	4140418	1	6	2139
4145080	4145279	1	8	2141
4145281	4145480	1	8	2142
4145482	4145681	1	8	2143
4145683	4145882	1	8	2144
4152399	4152598	1	32	2211
4152417	4152616	1	97	2412
4152618	4152817	1	97	2413
4152819	4153018	1	97	2414
4153020	4153219	1	97	2415
4154636	4154835	1	88	2388
4160201	4160400	1	19	2171
4160402	4160601	1	19	2172
4160603	4160802	1	19	2173
4160804	4161003	1	19	2174
4161978	4162177	1	10	2148
4162179	4162378	1	10	2149
4163059	4163258	1	75	2340
4163260	4163459	1	75	2341
4163461	4163660	1	75	2342
4163662	4163861	1	75	2343
4167339	4167538	1	18	2167
4167540	4167739	1	18	2168
4167741	4167940	1	18	2169
4167942	4168141	1	18	2170
4194919	4195118	1	96	2690
4195120	4195319	1	96	2691
4195321	4195520	1	96	2692
4195522	4195721	1	96	2693
4195723	4195922	1	96	2694
4196798	4196997	1	5	2430
4196999	4197198	1	5	2431
4197200	4197399	1	5	2432
4197401	4197600	1	5	2433
4199390	4199589	1	43	2540
4199591	4199790	1	43	2541
4199792	4199991	1	43	2542
4199993	4200192	1	43	2543
4214021	4214220	1	35	2517
4214222	4214421	1	35	2518
4214423	4214622	1	35	2519
4215026	4215225	1	80	2638
4215227	4215426	1	80	2639
4215428	4215627	1	80	2640
4215629	4215828	1	80	2641
4215830	4216029	1	80	2642
4218391	4218590	1	50	2561
4218592	4218791	1	50	2562
4218793	4218992	1	50	2563
4227610	4227809	1	10	2442
4227663	4227862	1	47	2555
4227811	4228010	1	10	2443
4228012	4228211	1	10	2444
4230377	4230576	1	93	2681
4230578	4230777	1	93	2682
4230779	4230978	1	93	2683
4230980	4231179	1	93	2684
4242448	4242647	1	12	2449
4242649	4242848	1	12	2450
4242850	4243049	1	12	2451
4242963	4243162	1	1	2421
4243164	4243363	1	1	2422
4243365	4243564	1	1	2423
4247189	4247388	1	34	2514
4247390	4247589	1	34	2515
4247591	4247790	1	34	2516
4254466	4254665	1	65	2601
4254667	4254866	1	65	2602
4254719	4254918	1	16	2463
4254868	4255067	1	65	2603
4254920	4255119	1	16	2464
4255121	4255320	1	16	2465
4255322	4255521	1	16	2466
4256063	4256262	1	40	2530
4256264	4256463	1	40	2531
4256465	4256664	1	40	2532
4256666	4256865	1	40	2533
4263240	4263439	1	86	2661
4270285	4270484	1	2	2424
4279438	4279637	1	58	2589
4279666	4279865	1	79	2637
4280269	4280468	1	29	2501
4283645	4283844	1	26	2494
4283846	4284045	1	26	2495
4284047	4284246	1	26	2496
4284248	4284447	1	26	2497
4286155	4286354	1	84	2653
4286356	4286555	1	84	2654
4286557	4286756	1	84	2655
4286570	4286769	1	89	2669
4286758	4286957	1	84	2656
4286771	4286970	1	89	2670
4286959	4287158	1	84	2657
4286972	4287171	1	89	2671
4293585	4293784	1	38	2526
4293786	4293985	1	38	2527
4294246	4294445	1	21	2481
4294447	4294646	1	21	2482
4294648	4294847	1	21	2483
4298865	4299064	1	71	2618
4323310	4323509	1	8	2437
4323511	4323710	1	8	2438
4323712	4323911	1	8	2439
4331942	4332141	1	7	2436
4340094	4340293	1	75	2627
4340295	4340494	1	75	2628
4340496	4340695	1	75	2629
4343132	4343331	1	0	2420
4356509	4356708	1	54	2574
4356710	4356909	1	54	2575
4356911	4357110	1	54	2576
4357112	4357311	1	54	2577
4361627	4361826	1	82	2646
4361809	4362008	1	60	2592
4361828	4362027	1	82	2647
4362010	4362209	1	60	2593
4362029	4362228	1	82	2648
4362211	4362410	1	60	2594
4362230	4362429	1	82	2649
4368900	4369099	1	3	2425
4369979	4370178	1	61	2595
4370180	4370379	1	61	2596
4375155	4375354	1	62	2597
4377891	4378090	1	56	2583
4378092	4378291	1	56	2584
4378293	4378492	1	56	2585
4378494	4378693	1	56	2586
4378695	4378894	1	56	2587
4380156	4380355	1	92	2676
4380357	4380556	1	92	2677
4380558	4380757	1	92	2678
4380759	4380958	1	92	2679
4380960	4381159	1	92	2680
4382763	4382962	1	97	2695
4382772	4382971	1	57	2588
4382964	4383163	1	97	2696
4383165	4383364	1	97	2697
4386032	4386231	1	67	2605
4408236	4408435	1	9	2440
4408437	4408636	1	9	2441
4422423	4422622	1	99	2703
4422624	4422823	1	99	2704
4425654	4425853	1	90	2672
4425855	4426054	1	90	2673
4429500	4429699	1	17	2467
4429701	4429900	1	17	2468
4429902	4430101	1	17	2469
4430103	4430302	1	17	2470
4436320	4436519	1	46	2550
4436521	4436720	1	46	2551
4436722	4436921	1	46	2552
4436923	4437122	1	46	2553
4437124	4437323	1	46	2554
4438693	4438892	1	85	2658
4438894	4439093	1	85	2659
4439095	4439294	1	85	2660
4444554	4444753	1	73	2620
4444755	4444954	1	73	2621
4444956	4445155	1	73	2622
4448005	4448204	1	24	2491
4448462	4448661	1	91	2674
4448663	4448862	1	91	2675
4450862	4451061	1	18	2471
4451063	4451262	1	18	2472
4451264	4451463	1	18	2473
4451465	4451664	1	18	2474
4451666	4451865	1	18	2475
4461035	4461234	1	95	2688
4461236	4461435	1	95	2689
4467481	4467680	1	28	2499
4467682	4467881	1	28	2500
4472902	4473101	1	64	2599
4473103	4473302	1	64	2600
4476284	4476483	1	51	2564
4476485	4476684	1	51	2565
4476686	4476885	1	51	2566
4477345	4477544	1	32	2511
4477546	4477745	1	32	2512
4481026	4481225	1	88	2667
4481227	4481426	1	88	2668
4484487	4484686	1	44	2544
4497402	4497601	1	83	2650
4497603	4497802	1	83	2651
4497804	4498003	1	83	2652
4498226	4498425	1	42	2535
4498427	4498626	1	42	2536
4498628	4498827	1	42	2537
4498829	4499028	1	42	2538
4499030	4499229	1	42	2539
4504458	4504657	1	49	2559
4504659	4504858	1	49	2560
4508758	4508957	1	11	2445
4508959	4509158	1	11	2446
4509160	4509359	1	11	2447
4509361	4509560	1	11	2448
4513651	4513850	1	20	2480
4518329	4518528	1	22	2484
4518530	4518729	1	22	2485
4518731	4518930	1	22	2486
4520398	4520597	1	72	2619
4523268	4523467	1	94	2685
4523469	4523668	1	94	2686
4523670	4523869	1	94	2687
4533520	4533719	1	36	2520
4534202	4534401	1	30	2502
4534403	4534602	1	30	2503
4534604	4534803	1	30	2504
4534805	4535004	1	30	2505
4536150	4536349	1	69	2610
4536351	4536550	1	69	2611
4536552	4536751	1	69	2612
4536753	4536952	1	69	2613
4536954	4537153	1	69	2614
4541414	4541613	1	66	2604
4543757	4543956	1	98	2698
4543958	4544157	1	98	2699
4544159	4544358	1	98	2700
4544360	4544559	1	98	2701
4544442	4544641	1	37	2521
4544561	4544760	1	98	2702
4544643	4544842	1	37	2522
4544844	4545043	1	37	2523
4545045	4545244	1	37	2524
4545246	4545445	1	37	2525
4553985	4554184	1	31	2506
4554186	4554385	1	31	2507
4554387	4554586	1	31	2508
4554588	4554787	1	31	2509
4554789	4554988	1	31	2510
4560613	4560812	1	19	2476
4560814	4561013	1	19	2477
4561015	4561214	1	19	2478
4561216	4561415	1	19	2479
4564765	4564964	1	41	2534
4568921	4569120	1	87	2662
4569012	4569211	1	63	2598
4569122	4569321	1	87	2663
4569323	4569522	1	87	2664
4569524	4569723	1	87	2665
4569725	4569924	1	87	2666
4573259	4573458	1	53	2572
4573460	4573659	1	53	2573
4574307	4574506	1	6	2434
4574508	4574707	1	6	2435
4577683	4577882	1	15	2458
4577884	4578083	1	15	2459
4578085	4578284	1	15	2460
4578286	4578485	1	15	2461
4578487	4578686	1	15	2462
4598772	4598971	1	74	2623
4598973	4599172	1	74	2624
4599174	4599373	1	74	2625
4599375	4599574	1	74	2626
4599614	4599813	1	14	2456
4599815	4600014	1	14	2457
4607272	4607471	1	81	2643
4607473	4607672	1	81	2644
4607674	4607873	1	81	2645
4611651	4611850	1	59	2590
4611852	4612051	1	59	2591
4612052	4612251	1	27	2498
4618389	4618588	1	68	2606
4618590	4618789	1	68	2607
4618791	4618990	1	68	2608
4618992	4619191	1	68	2609
4637419	4637618	1	76	2630
4637620	4637819	1	76	2631
4637821	4638020	1	76	2632
4639424	4639623	1	45	2545
4639625	4639824	1	45	2546
4639826	4640025	1	45	2547
4640027	4640226	1	45	2548
4640228	4640427	1	45	2549
4640930	4641129	1	70	2615
4641131	4641330	1	70	2616
4641332	4641531	1	70	2617
4646340	4646539	1	33	2513
4650471	4650670	1	25	2492
4650672	4650871	1	25	2493
4656991	4657190	1	39	2528
4656998	4657197	1	55	2578
4657192	4657391	1	39	2529
4657199	4657398	1	55	2579
4657400	4657599	1	55	2580
4657601	4657800	1	55	2581
4657802	4658001	1	55	2582
4667536	4667735	1	77	2633
4669049	4669248	1	48	2556
4669250	4669449	1	48	2557
4669451	4669650	1	48	2558
4673856	4674055	1	23	2487
4674057	4674256	1	23	2488
4674258	4674457	1	23	2489
4674459	4674658	1	23	2490
4675209	4675408	1	13	2452
4675410	4675609	1	13	2453
4675540	4675739	1	78	2634
4675611	4675810	1	13	2454
4675741	4675940	1	78	2635
4675812	4676011	1	13	2455
4675942	4676141	1	78	2636
4677650	4677849	1	52	2567
4677851	4678050	1	52	2568
4678052	4678251	1	52	2569
4678253	4678452	1	52	2570
4678454	4678653	1	52	2571
4688116	4688315	1	4	2426
4688317	4688516	1	4	2427
4688518	4688717	1	4	2428
4688719	4688918	1	4	2429
4720260	4720459	1	72	2929
4728590	4728789	1	47	2843
4728791	4728990	1	47	2844
4728992	4729191	1	47	2845
4729193	4729392	1	47	2846
4729394	4729593	1	47	2847
4734506	4734705	1	22	2768
4734707	4734906	1	22	2769
4759775	4759974	1	20	2761
4759976	4760175	1	20	2762
4760177	4760376	1	20	2763
4760378	4760577	1	20	2764
4763834	4764033	1	55	2874
4764035	4764234	1	55	2875
4764236	4764435	1	55	2876
4764437	4764636	1	55	2877
4764638	4764837	1	55	2878
4770651	4770850	1	81	2953
4770852	4771051	1	81	2954
4771053	4771252	1	81	2955
4771254	4771453	1	81	2956
4774665	4774864	1	35	2804
4774866	4775065	1	35	2805
4775067	4775266	1	35	2806
4775268	4775467	1	35	2807
4775469	4775668	1	35	2808
4781221	4781420	1	50	2852
4781422	4781621	1	50	2853
4781451	4781650	1	18	2758
4781623	4781822	1	50	2854
4781652	4781851	1	18	2759
4781824	4782023	1	50	2855
4782025	4782224	1	50	2856
4783287	4783486	1	59	2887
4783488	4783687	1	59	2888
4783689	4783888	1	59	2889
4790683	4790882	1	64	2904
4790884	4791083	1	64	2905
4790970	4791169	1	77	2944
4791171	4791370	1	77	2945
4794151	4794350	1	23	2770
4795624	4795823	1	93	2987
4795825	4796024	1	93	2988
4796026	4796225	1	93	2989
4798654	4798853	1	66	2910
4798855	4799054	1	66	2911
4801633	4801832	1	99	3006
4801834	4802033	1	99	3007
4802035	4802234	1	99	3008
4820966	4821165	1	34	2799
4821167	4821366	1	34	2800
4821368	4821567	1	34	2801
4821526	4821725	1	68	2917
4821569	4821768	1	34	2802
4821727	4821926	1	68	2918
4821770	4821969	1	34	2803
4821928	4822127	1	68	2919
4822129	4822328	1	68	2920
4822330	4822529	1	68	2921
4831924	4832123	1	89	2980
4832125	4832324	1	89	2981
4832326	4832525	1	89	2982
4841443	4841642	1	6	2724
4841833	4842032	1	54	2869
4842034	4842233	1	54	2870
4842235	4842434	1	54	2871
4842436	4842635	1	54	2872
4842637	4842836	1	54	2873
4851339	4851538	1	37	2810
4851540	4851739	1	37	2811
4851741	4851940	1	37	2812
4851942	4852141	1	37	2813
4859828	4860027	1	84	2965
4873936	4874135	1	58	2886
4873974	4874173	1	88	2976
4874175	4874374	1	88	2977
4874376	4874575	1	88	2978
4874577	4874776	1	88	2979
4876487	4876686	1	82	2957
4876688	4876887	1	82	2958
4876889	4877088	1	82	2959
4877090	4877289	1	82	2960
4883946	4884145	1	74	2932
4884147	4884346	1	74	2933
4884348	4884547	1	74	2934
4884549	4884748	1	74	2935
4888535	4888734	1	98	3001
4888736	4888935	1	98	3002
4888937	4889136	1	98	3003
4889138	4889337	1	98	3004
4889339	4889538	1	98	3005
4889871	4890070	1	27	2778
4890695	4890894	1	16	2753
4890896	4891095	1	16	2754
4891097	4891296	1	16	2755
4891298	4891497	1	16	2756
4893221	4893420	1	65	2906
4893422	4893621	1	65	2907
4893623	4893822	1	65	2908
4893824	4894023	1	65	2909
4898720	4898919	1	12	2739
4898921	4899120	1	12	2740
4899122	4899321	1	12	2741
4901176	4901375	1	94	2990
4901377	4901576	1	94	2991
4903415	4903614	1	57	2884
4903616	4903815	1	57	2885
4905297	4905496	1	33	2796
4905498	4905697	1	33	2797
4905699	4905898	1	33	2798
4908911	4909110	1	86	2970
4909705	4909904	1	19	2760
4912409	4912608	1	45	2840
4917213	4917412	1	79	2947
4928131	4928330	1	30	2784
4928332	4928531	1	30	2785
4928533	4928732	1	30	2786
4928734	4928933	1	30	2787
4928935	4929134	1	30	2788
4939536	4939735	1	0	2705
4939737	4939936	1	0	2706
4939938	4940137	1	0	2707
4944457	4944656	1	41	2826
4944658	4944857	1	41	2827
4944859	4945058	1	41	2828
4947903	4948102	1	11	2738
4951990	4952189	1	71	2926
4952138	4952337	1	7	2725
4952191	4952390	1	71	2927
4952339	4952538	1	7	2726
4952392	4952591	1	71	2928
4952540	4952739	1	7	2727
4962491	4962690	1	13	2742
4962692	4962891	1	13	2743
4962893	4963092	1	13	2744
4963094	4963293	1	13	2745
4963295	4963494	1	13	2746
4968947	4969146	1	21	2765
4968957	4969156	1	61	2894
4969148	4969347	1	21	2766
4969158	4969357	1	61	2895
4969349	4969548	1	21	2767
4969359	4969558	1	61	2896
4969414	4969613	1	25	2773
4969560	4969759	1	61	2897
4969615	4969814	1	25	2774
4972003	4972202	1	83	2961
4972204	4972403	1	83	2962
4972405	4972604	1	83	2963
4972606	4972805	1	83	2964
4976574	4976773	1	49	2849
4976775	4976974	1	49	2850
4976976	4977175	1	49	2851
4983249	4983448	1	3	2715
4983335	4983534	1	85	2966
4983450	4983649	1	3	2716
4983536	4983735	1	85	2967
4983737	4983936	1	85	2968
4983938	4984137	1	85	2969
4992636	4992835	1	51	2857
4992837	4993036	1	51	2858
5001384	5001583	1	14	2747
5001585	5001784	1	14	2748
5001786	5001985	1	14	2749
5006413	5006612	1	4	2717
5006614	5006813	1	4	2718
5006801	5007000	1	92	2986
5009983	5010182	1	97	2998
5010184	5010383	1	97	2999
5010385	5010584	1	97	3000
5011404	5011603	1	62	2898
5019729	5019928	1	87	2971
5019930	5020129	1	87	2972
5020131	5020330	1	87	2973
5020332	5020531	1	87	2974
5020533	5020732	1	87	2975
5023541	5023740	1	53	2864
5023742	5023941	1	53	2865
5023943	5024142	1	53	2866
5024144	5024343	1	53	2867
5024345	5024544	1	53	2868
5025343	5025542	1	78	2946
5026108	5026307	1	1	2708
5026309	5026508	1	1	2709
5026510	5026709	1	1	2710
5026711	5026910	1	1	2711
5026839	5027038	1	76	2941
5027040	5027239	1	76	2942
5027241	5027440	1	76	2943
5028768	5028967	1	42	2829
5028969	5029168	1	42	2830
5030782	5030981	1	70	2923
5030983	5031182	1	70	2924
5031184	5031383	1	70	2925
5036912	5037111	1	39	2819
5037113	5037312	1	39	2820
5037314	5037513	1	39	2821
5051107	5051306	1	38	2814
5051308	5051507	1	38	2815
5051509	5051708	1	38	2816
5051710	5051909	1	38	2817
5051820	5052019	1	95	2992
5051911	5052110	1	38	2818
5058875	5059074	1	67	2912
5059076	5059275	1	67	2913
5059277	5059476	1	67	2914
5059478	5059677	1	67	2915
5059679	5059878	1	67	2916
5060780	5060979	1	36	2809
5062732	5062931	1	31	2789
5062933	5063132	1	31	2790
5063134	5063333	1	31	2791
5063335	5063534	1	31	2792
5065474	5065673	1	29	2782
5065675	5065874	1	29	2783
5072530	5072729	1	40	2822
5072731	5072930	1	40	2823
5072932	5073131	1	40	2824
5073070	5073269	1	73	2930
5073133	5073332	1	40	2825
5073271	5073470	1	73	2931
5073353	5073552	1	44	2836
5073554	5073753	1	44	2837
5073755	5073954	1	44	2838
5073956	5074155	1	44	2839
5076893	5077092	1	17	2757
5080077	5080276	1	52	2859
5080278	5080477	1	52	2860
5080440	5080639	1	75	2936
5080479	5080678	1	52	2861
5080641	5080840	1	75	2937
5080680	5080879	1	52	2862
5080842	5081041	1	75	2938
5080881	5081080	1	52	2863
5081043	5081242	1	75	2939
5081244	5081443	1	75	2940
5091643	5091842	1	8	2728
5091844	5092043	1	8	2729
5092045	5092244	1	8	2730
5092246	5092445	1	8	2731
5097591	5097790	1	96	2993
5097792	5097991	1	96	2994
5097993	5098192	1	96	2995
5098194	5098393	1	96	2996
5098395	5098594	1	96	2997
5099961	5100160	1	60	2890
5100162	5100361	1	60	2891
5100363	5100562	1	60	2892
5100564	5100763	1	60	2893
5106701	5106900	1	2	2712
5106902	5107101	1	2	2713
5107103	5107302	1	2	2714
5107883	5108082	1	91	2984
5108084	5108283	1	91	2985
5109204	5109403	1	15	2750
5109405	5109604	1	15	2751
5109606	5109805	1	15	2752
5113938	5114137	1	48	2848
5123371	5123570	1	80	2948
5123572	5123771	1	80	2949
5123773	5123972	1	80	2950
5123974	5124173	1	80	2951
5124175	5124374	1	80	2952
5128101	5128300	1	43	2831
5128302	5128501	1	43	2832
5128503	5128702	1	43	2833
5128704	5128903	1	43	2834
5128905	5129104	1	43	2835
5141987	5142186	1	46	2841
5142188	5142387	1	46	2842
5145044	5145243	1	63	2899
5145245	5145444	1	63	2900
5145446	5145645	1	63	2901
5145647	5145846	1	63	2902
5145848	5146047	1	63	2903
5147937	5148136	1	32	2793
5148138	5148337	1	32	2794
5148339	5148538	1	32	2795
5151475	5151674	1	24	2771
5151676	5151875	1	24	2772
5152842	5153041	1	9	2732
5178469	5178668	1	26	2775
5178670	5178869	1	26	2776
5178871	5179070	1	26	2777
5189474	5189673	1	28	2779
5189675	5189874	1	28	2780
5189876	5190075	1	28	2781
5192835	5193034	1	5	2719
5193036	5193235	1	5	2720
5193237	5193436	1	5	2721
5193438	5193637	1	5	2722
5193639	5193838	1	5	2723
5194071	5194270	1	10	2733
5194272	5194471	1	10	2734
5194473	5194672	1	10	2735
5194674	5194873	1	10	2736
5194875	5195074	1	10	2737
5197499	5197698	1	90	2983
5211707	5211906	1	69	2922
5213910	5214109	1	56	2879
5214111	5214310	1	56	2880
5214312	5214511	1	56	2881
5214513	5214712	1	56	2882
5214714	5214913	1	56	2883
